102010544 -1
102042326 -1
102157173 -1
102197046 -1
102215412 -1
102221767 1
102233939 -1
102258989 -1
102259134 -1
102259273 -1
102276236 1
102325315 1
102358994 1
102359007 1
102387564 1
102387566 1
102424560 -1
102430183 -1
102431040 -1
102431315 -1
102461427 -1
102467090 1
102473657 -1
102476787 1
102483455 -1
102485015 -1
102485881 -1
102487335 -1
102487627 -1
102488778 -1
102489995 1
102491010 -1
102495460 1
102496910 -1
102559079 1
102722722 -1
102805736 1
102852695 1
102868621 -1
102868790 -1
102869931 -1
146056809 -1
146111954 -1
146151017 1
146153385 -1
146236874 -1
146248962 -1
146259301 -1
146313870 1
146457661 -1
146461427 -1
146488468 -1
146524984 1
146525620 1
146526446 -1
146526449 -1
146569181 -1
146571386 -1
146571617 -1
146721612 -1
146818692 -1
146922178 -1
146927383 -1
146942269 -1
146999244 -1
146999345 -1
171003658 -1
171018799 -1
171023767 1
171030971 -1
171032740 1
171032836 -1
171036712 -1
171090761 -1
171217548 -1
171409685 1
171409690 1
171584535 1
171659226 -1
171862277 -1
171870325 -1
183034096 -1
183051607 -1
183062605 1
183130070 1
183130895 -1
183131330 -1
183133027 -1
183135476 -1
183138598 -1
183139610 -1
183269902 -1
183349375 1
183349487 1
183542474 1
183700632 1
183730810 1
183740972 1
183749638 1
183803140 1
183839180 1
183847831 1
183881692 -1
183906631 -1
183907128 -1
183907554 1
183908280 -1
183909014 1
183909209 1
183909832 1
183910117 1
183910955 -1
183911076 -1
183912462 1
183912609 -1
234024601 -1
234092124 1
234098741 -1
234109275 1
234219651 -1
234243391 -1
234267066 1
234267187 1
234278834 1
234279279 1
234279398 1
234280083 1
234280323 1
234280604 1
234294413 1
234337804 -1
234343758 1
234369606 -1
234414827 1
234427656 1
234441448 1
234445476 -1
234450900 -1
234457884 -1
234459629 -1
234460821 1
234467096 1
234483757 1
234496352 1
234496665 1
234522919 1
234523483 -1
234523697 1
234524062 1
234524371 -1
234534690 1
234565127 -1
234593198 -1
234619212 1
234620069 -1
234649066 -1
234651237 -1
234653773 -1
234655295 -1
234674615 1
234676063 1
234678993 1
234679070 1
234725890 -1
234726147 -1
234726944 -1
234778965 -1
234783474 1
234784817 1
234794400 1
234799876 -1
234948834 1
234949199 1
234949590 1
234970789 -1
234986044 1
249037016 -1
249066047 -1
249073669 -1
249076214 -1
249105388 -1
249136747 -1
249160758 1
249190148 -1
249191499 -1
249360163 1
249363896 -1
249383032 1
249416131 -1
249422446 -1
249472947 1
249473069 1
249485758 -1
249508429 1
249553853 -1
249566378 -1
249570623 -1
249588317 1
249617123 -1
249901202 -1
249941310 1
249974485 1
249989002 1
274367154 1
274374401 -1
274405999 -1
274422859 1
274423411 1
274427702 1
274609260 1
274697961 -1
274702126 -1
274761389 1
274768196 1
274768616 1
274768709 1
274867406 -1
274898899 -1
274935646 -1
274949907 -1
283089796 -1
283100424 1
283156085 -1
283252425 1
283259563 -1
283306069 -1
283306863 -1
283307140 -1
283307585 -1
283308202 -1
283308839 -1
283309101 -1
283310097 -1
283310746 -1
283311299 -1
283371704 -1
283376373 -1
283378579 -1
283379765 -1
283381002 -1
283381866 -1
283383943 -1
283389127 -1
283397082 1
283466274 1
283466525 1
283467932 1
283468619 1
283469648 -1
283472233 -1
283601145 1
283811050 1
283820837 -1
283880519 1
291030362 -1
291032125 1
291032992 1
291034169 1
291036312 -1
291037981 1
291039352 1
291040110 1
291042342 1
291042997 1
291043709 1
291045082 1
291059099 1
291096503 1
291232747 1
291234524 -1
291303239 -1
291320047 -1
291507594 1
291521604 1
291536578 -1
291605675 1
291836651 1
291853409 -1
291861994 -1
291913988 -1
291981821 1
291982091 1
291995741 1
303021006 -1
303149139 -1
303149292 -1
303149549 -1
303149677 1
303157324 -1
303164011 -1
303164025 -1
303164063 -1
303186767 -1
303196770 1
303201804 1
303298494 1
303306267 1
303338775 1
303385638 -1
303490380 -1
303492954 1
303529536 1
303546207 1
303549393 1
303557182 -1
303612120 -1
303646259 1
303738040 1
303758827 1
303769145 1
303786734 1
303922579 1
303933879 -1
303934811 1
303946480 -1
303962346 -1
303968484 1
303991156 1
311038004 1
311220424 1
311441292 -1
311512504 -1
311586493 1
311598945 1
311599420 1
311792316 -1
311793941 -1
311795912 -1
311796512 1
311854900 -1
311857230 -1
311894882 1
311903189 1
311937355 -1
311943379 1
311957341 1
311959567 1
311959878 1
311960208 1
311960846 1
325072017 1
325074693 -1
325159041 1
325200827 1
325206067 1
325342985 1
325344520 1
325345522 -1
325346484 -1
325352116 1
325362860 1
325416143 1
325421748 -1
325449072 -1
325489563 -1
325626527 1
325662321 1
325662326 1
325713172 1
325722589 -1
325722828 -1
325732807 1
325737062 1
325742782 1
325751402 1
325816907 1
325861170 1
35008336 -1
35043076 1
35043112 -1
35056684 1
35056688 1
35083447 -1
35083449 -1
35083796 -1
35083974 -1
35085448 -1
35086859 -1
35096838 -1
35137400 -1
35165639 -1
35234086 1
35239532 -1
35273046 -1
35275711 -1
35297822 -1
35338378 1
35414374 -1
35415542 -1
35457452 -1
35457824 -1
35459006 1
35462240 -1
355048521 1
35509524 -1
355132534 1
355171534 1
355389455 -1
355430888 -1
355462411 -1
355467512 -1
355468566 1
355472465 1
355478353 1
355488741 -1
355529235 1
355605955 1
355651467 1
355670086 1
355671037 1
355671500 1
355790033 1
355815735 -1
355848646 -1
355912783 -1
355928220 -1
35619922 -1
35636056 1
35671628 1
35719025 -1
35745291 1
35768401 -1
35787916 -1
35814485 -1
35814570 -1
35845342 1
35847900 1
35849023 1
35875590 1
35878071 1
35920257 -1
35924243 -1
35978483 -1
54007153 -1
54007190 -1
54007248 -1
54007334 -1
54007466 -1
54220029 1
54225011 -1
54230637 1
54296300 1
54301051 -1
54389250 -1
54496635 -1
54500444 -1
54537445 -1
54553530 1
54560394 -1
54560442 -1
54560570 1
54565171 1
54565233 1
54565251 1
54566652 -1
54631243 1
54655845 1
54751014 -1
54751120 1
54751146 -1
54820296 -1
54859039 -1
54865188 1
54874392 -1
54874463 -1
54874497 -1
54874586 -1
54874703 -1
54875045 -1
54875225 -1
54875288 -1
54875428 1
54875462 1
54875516 -1
54875723 -1
54875820 -1
54875945 -1
54876073 -1
54876224 -1
54897232 -1
54942505 1
86013833 -1
86129057 -1
86155935 1
86174133 -1
86206628 -1
86222954 -1
86382442 -1
86382952 -1
86467804 1
86498259 -1
86647566 -1
86654362 -1
86665122 -1
86679731 -1
86760175 1
86801594 1
102023132 -1
102154373 -1
102248849 -1
102249966 -1
102259018 -1
102359006 1
102386356 1
102387565 1
102430162 -1
102430274 -1
102430404 -1
102430954 1
102431062 -1
102431373 1
102435448 1
102468304 -1
102480086 -1
102480530 1
102481035 -1
102483283 -1
102485306 -1
102485831 -1
102487467 -1
102487819 -1
102487987 -1
102489823 -1
102490833 1
102491164 -1
102493011 -1
102496207 -1
102527685 1
102559081 -1
102708384 -1
102777519 -1
102793654 -1
102805364 1
102852693 1
102852697 1
102868706 -1
102868862 -1
102889418 -1
102979631 1
146060282 -1
146149714 -1
146152045 1
146183419 1
146225545 -1
146234945 1
146461761 -1
146512996 1
146524992 1
146526445 1
146526448 -1
146568219 -1
146569387 1
146571513 -1
146696710 1
146839533 -1
146920177 -1
146942241 -1
146999060 -1
146999288 -1
171023759 1
171032834 -1
171032838 -1
171036411 -1
171036714 -1
171037094 1
171093628 -1
171101958 -1
171290840 1
171300559 -1
171386213 1
171409689 1
171409693 1
171467915 -1
171536978 1
171612364 -1
171634106 -1
171651304 -1
171709638 1
171712944 1
171727024 -1
171756002 1
171826325 1
171971444 -1
183003134 -1
183051171 -1
183056277 1
183130241 1
183136093 -1
183136930 -1
183138071 -1
183139475 -1
183275602 -1
183349348 1
183349421 1
183542177 1
183583179 -1
183749608 -1
183750753 1
183803207 1
183848549 1
183875795 -1
183906868 -1
183907476 1
183907776 -1
183908600 1
183909117 1
183910688 -1
183911018 -1
183912041 -1
183912533 -1
234111639 -1
234267119 1
234267402 1
234278753 1
234279206 1
234279322 1
234279644 1
234280277 1
234280533 1
234280741 1
234342944 1
234369532 -1
234414822 1
234428014 1
234454548 1
234457889 1
234467094 1
234467099 -1
234476102 1
234487482 1
234496630 1
234503268 1
234522792 1
234523113 1
234523524 -1
234524024 1
234524233 1
234529250 1
234534995 1
234564958 -1
234616936 -1
234618820 -1
234654566 -1
234655371 -1
234657791 1
234674616 -1
234678963 1
234679026 1
234725418 -1
234725856 -1
234726020 -1
234726215 -1
234727144 -1
234783472 -1
234783477 1
234784819 1
234786454 1
234794395 1
234857302 -1
234921802 1
234949133 1
234971430 1
234985998 -1
234998302 1
249001202 1
249037161 -1
249046929 1
249075335 -1
249078386 1
249093118 1
249128175 -1
249136869 -1
249161233 1
249189701 -1
249190388 -1
249192078 1
249325754 1
249360002 -1
249360556 1
249363860 -1
249363937 -1
249413032 -1
249472994 1
249496411 1
249535644 -1
249553722 -1
249566506 -1
249588447 1
249601500 -1
249616827 -1
249901197 1
249941394 -1
249953297 1
249974492 1
249997361 -1
249998688 1
274019162 1
274194414 -1
274209610 -1
274276107 -1
274357843 -1
274374398 -1
274374402 1
274423136 1
274424338 -1
274427073 1
274427795 1
274445155 -1
274654830 -1
274672898 1
274684212 -1
274697954 -1
274708874 -1
274754232 1
274768174 1
274768407 1
274768649 1
274769006 1
274770312 -1
274846140 1
274905103 1
274951316 -1
283006280 -1
283066428 1
283252427 -1
283259077 1
283260098 -1
283306592 -1
283306936 -1
283307531 -1
283307693 -1
283308656 -1
283309005 -1
283309979 -1
283310259 -1
283310619 -1
283311097 -1
283375380 -1
283377666 -1
283379443 -1
283380135 -1
283381216 -1
283382863 -1
283384226 -1
283389757 -1
283465586 1
283466355 1
283466925 1
283467456 1
283468778 1
283472195 -1
283515127 -1
283548139 1
283551631 1
283811061 1
283843144 1
291031767 -1
291032506 1
291033820 1
291034294 1
291036035 1
291037487 -1
291039027 1
291040764 1
291042483 1
291043166 1
291044110 -1
291046839 1
291083506 -1
291232770 1
291291411 -1
291509062 -1
291639123 1
291668079 -1
291669163 -1
291776044 -1
291809625 1
291853401 -1
291857368 -1
291860038 1
291981869 1
291982809 1
303015167 1
303016761 -1
303064209 1
303076907 1
303147264 -1
303149273 1
303149448 -1
303149605 -1
303149937 1
303164007 -1
303164013 -1
303164029 -1
303164065 -1
303196416 -1
303202553 1
303411249 1
303492698 1
303542520 1
303550917 -1
303592224 -1
303647808 1
303653636 -1
303776298 -1
303791370 1
303910361 -1
303929711 -1
303933886 -1
303934809 1
303946149 1
303947576 1
303955367 -1
303958313 -1
303959645 -1
303991154 1
303992938 1
311038604 -1
311091258 -1
311216774 -1
311220428 -1
311225639 -1
311340635 -1
311401338 -1
311599187 -1
311696463 -1
311796213 -1
311854398 -1
311857259 -1
311928112 -1
311940835 1
311943275 1
311943576 1
311944106 1
311959688 1
311959953 1
311960635 1
311983784 -1
325068442 -1
325087620 1
325200946 1
325316571 -1
325343607 1
325345149 1
325346288 1
325347691 -1
325350320 1
325362851 1
325382874 -1
325416156 1
325489700 -1
325539895 -1
325568646 -1
325602624 -1
325662324 1
325666798 -1
325707564 1
325720957 1
325722767 1
325736287 1
325739470 1
325741908 -1
325817864 -1
325934468 1
325997759 1
35056683 1
35056687 1
35083448 -1
35083795 -1
35083799 -1
35084670 -1
35084964 -1
35086863 -1
35087479 -1
35093143 -1
35096845 -1
35137481 -1
35165585 -1
35165679 -1
35234032 1
35275714 -1
35316413 1
35338380 1
35409131 -1
35457448 -1
35457527 1
35458285 -1
35459026 1
35461292 -1
355016448 -1
355133757 -1
355218798 -1
355268168 -1
355310573 1
35535316 -1
355467771 -1
355471587 1
35548355 -1
35555168 1
355618982 -1
355669603 1
355670786 1
355671151 1
355671537 1
355803037 1
35582154 1
355825691 1
355911950 -1
35744698 -1
35768396 -1
35788127 1
35814548 -1
35814592 -1
35817763 -1
35844868 1
35851687 -1
35853409 1
35868342 1
35878070 1
35878072 1
35915999 -1
35921130 1
35990304 -1
54007139 -1
54007177 1
54007193 1
54007263 -1
54007440 -1
54007500 -1
54031866 -1
54100909 -1
54180375 -1
54220025 1
54224177 1
54236749 -1
54285870 -1
54311700 1
54350166 -1
54372303 -1
54373606 -1
54389392 -1
54433756 -1
54463876 1
54488398 -1
54553529 1
54553531 1
54560329 1
54560402 -1
54560494 -1
54565210 1
54565235 1
54565254 1
54696553 -1
54751093 -1
54751127 -1
54751156 -1
54872283 1
54874404 -1
54874483 -1
54874570 -1
54874680 -1
54875030 1
54875121 -1
54875275 -1
54875395 1
54875452 1
54875471 1
54875708 -1
54875740 -1
54875835 -1
54875978 -1
54876155 1
54883535 1
54897273 -1
54903764 -1
54979813 1
86013834 -1
86035836 -1
86120602 1
86127372 -1
86129050 -1
86129075 -1
86211422 -1
86226121 -1
86229801 -1
86242588 1
86250854 -1
86382667 -1
86383031 -1
86405295 1
86498966 -1
86589162 -1
86603896 1
86664129 -1
86665332 -1
86890467 1
86984078 -1
86986387 -1
