102001380 1
102056721 -1
102067832 -1
102072625 1
102078286 1
102096063 -1
102099429 -1
102099943 -1
102151413 -1
102161882 1
102265677 -1
102266362 -1
102266536 -1
102274378 1
102275634 -1
102280296 -1
102364832 -1
102368926 -1
102369653 -1
102382833 1
102383475 -1
102405727 -1
102419305 -1
102468536 -1
102470174 -1
102472336 -1
102528064 -1
102540705 -1
102628790 1
102654250 -1
102664009 -1
102703661 1
102711787 -1
102764538 1
102774633 -1
102794057 1
102809390 1
102866096 1
102879867 -1
102918325 1
102983813 -1
146038445 -1
146051629 1
146121353 1
146165292 1
146202018 1
146249113 1
146263445 -1
146268512 -1
146276585 1
146337125 1
146345316 1
146392182 -1
146461818 -1
146476683 -1
146494232 -1
146495367 -1
146512976 1
146515511 1
146519528 -1
146576502 -1
146604233 -1
146626586 -1
146633881 -1
146668499 -1
146673955 1
146684390 -1
146685533 -1
146686902 1
146782799 -1
146807257 -1
146848933 1
146854187 1
146854693 -1
146857999 1
146872174 1
146935605 1
146978002 -1
171041424 1
171058394 -1
171062912 -1
171066857 1
171067938 -1
171085115 -1
171087567 -1
171123486 -1
171143534 -1
171177615 1
171191481 -1
171223965 -1
171345252 -1
171354838 -1
171377100 -1
171389423 -1
171407330 -1
171418445 1
171550566 -1
171562731 -1
171569461 -1
171596089 1
171612569 -1
171625001 1
171728239 -1
171766084 -1
171813891 -1
171827078 -1
171841981 -1
171926174 -1
171955585 -1
183003307 1
183004709 -1
183026198 -1
183027125 1
183030003 1
183038314 -1
183040191 -1
183045120 -1
183045423 -1
183061923 -1
183072814 -1
183097872 -1
183113063 -1
183114926 -1
183116166 -1
183136358 -1
183158253 -1
183171286 -1
183198626 1
183200936 -1
183221079 -1
183274203 -1
183303055 -1
183327043 -1
183353314 1
183366235 -1
183387327 -1
183444497 1
183476551 1
183486591 -1
183492383 -1
183533192 -1
183590314 -1
183639391 -1
183639761 1
183665522 -1
183675050 -1
183731995 -1
183734397 -1
183735056 -1
183736931 1
183754755 -1
183773069 1
183806619 -1
183885888 1
183891688 -1
183950218 -1
234010089 -1
234030939 -1
234056073 -1
234096315 1
234114610 1
234164480 -1
234168266 -1
234186437 -1
234191883 -1
234192291 -1
234192560 -1
234256906 -1
234307452 -1
234313974 -1
234463475 -1
234467583 -1
234485475 -1
234494322 -1
234563280 -1
234588253 1
234613124 1
234613768 1
234624123 -1
234665863 -1
234685386 -1
234695372 -1
234700325 -1
234725225 1
234725743 1
234726448 1
234754993 -1
234756637 1
234820179 -1
234921892 -1
234941409 -1
234954497 -1
234985898 1
234989421 -1
249054581 -1
249146541 -1
249172068 -1
249179874 -1
249201858 -1
249271561 -1
249294587 -1
249295283 -1
249299672 -1
249303693 1
249308497 -1
249413841 -1
249466029 -1
249534932 -1
249560204 1
249576442 1
249596502 1
249614284 1
249642753 -1
249717474 1
249721456 -1
249774724 -1
249829829 -1
249900120 -1
249965618 1
249971025 -1
249991415 1
249995085 -1
274010507 1
274105133 1
274116143 -1
274117673 -1
274125378 -1
274134867 -1
274156518 1
274179092 -1
274242700 -1
274291424 -1
274314056 -1
274380957 1
274440966 1
274617189 1
274681340 1
274682913 -1
274715228 1
274772491 -1
274785583 -1
274904394 1
274917980 -1
283104621 1
283113996 -1
283141907 1
283164167 1
283177335 -1
283185733 -1
283194904 1
283195423 1
283252766 1
283260206 1
283290208 -1
283310559 1
283429045 -1
283430614 -1
283433845 -1
283434742 -1
283494516 -1
283515469 1
283603411 -1
283694488 -1
283724062 1
283796744 -1
283808519 -1
283831499 1
283933953 -1
283988809 -1
291088011 1
291121989 -1
291156332 -1
291201332 -1
291202287 -1
291272070 -1
291276939 -1
291291509 1
291296154 1
291343597 -1
291377366 -1
291403964 -1
291482134 -1
291609365 1
291668864 -1
291728640 -1
291733742 1
291791502 1
291859504 -1
291885512 1
291935057 -1
291961251 1
291984521 -1
291990018 -1
291993444 -1
303015658 -1
303036244 1
303048840 -1
303151904 -1
303169129 1
303211801 -1
303244184 -1
303288189 1
303291111 1
303329765 1
303420401 -1
303512349 -1
303660617 1
303755539 -1
303858097 -1
303908904 1
303934768 -1
303995182 1
311054962 -1
311066037 -1
311076262 -1
311129432 1
311140064 -1
311187036 -1
311213689 1
311255651 -1
311276941 -1
311294663 -1
311318389 1
311324464 -1
311343367 -1
311375410 -1
311391832 -1
311395726 -1
311401714 -1
311413510 -1
311434884 -1
311484583 -1
311581896 -1
311638241 1
311651408 -1
311657636 -1
311750671 1
311765213 -1
311776556 -1
311781018 -1
311859319 -1
311862057 1
311951014 -1
325007884 -1
325046225 -1
325058928 -1
325132942 -1
325165134 -1
325166581 1
325171712 -1
325211872 -1
325229512 1
325264278 -1
325308398 -1
325335835 -1
325386487 1
325470828 1
325492771 -1
325589517 -1
325619703 1
325679914 -1
325719364 -1
325753905 1
325784967 -1
325789376 -1
325818362 1
325877963 1
325956369 -1
35020105 -1
35031922 -1
35063731 1
35090088 -1
35124869 -1
35140393 1
35152467 -1
35160230 1
35167752 -1
35269484 -1
35310097 -1
35311508 1
35316404 1
35316625 1
35325758 1
35373016 1
35401983 1
35424282 -1
35445269 1
35491534 -1
35498915 -1
355111515 -1
355161538 -1
355174883 1
355176408 1
355192790 -1
355209689 1
355229077 1
355278551 -1
355289601 1
355331388 -1
355335960 1
355344984 1
35535903 1
35541923 -1
35542053 1
355436232 1
355445208 -1
355486634 1
35553971 -1
355576173 -1
355599352 1
355625057 -1
355659857 -1
355668865 -1
355691041 -1
35574037 1
35579447 -1
355795030 -1
355802577 -1
355803907 -1
35590492 1
355963526 1
35649853 -1
35659943 -1
35676335 1
35684335 -1
35768451 -1
35776282 -1
35777506 1
35778407 -1
35786549 -1
35790397 -1
35821942 -1
35842666 1
35868932 -1
35957365 -1
35959645 -1
35960467 -1
35960817 -1
35961135 -1
35964385 1
35964929 -1
35967886 1
54163953 1
54180139 -1
54187723 -1
54202485 -1
54204362 -1
54205401 1
54228078 -1
54232724 -1
54416123 -1
54481518 -1
54539525 -1
54663286 -1
54714819 1
54723783 1
54765871 1
54766941 -1
54789004 -1
54789377 -1
54790268 -1
54966851 -1
54969341 1
86032242 1
86043227 1
86102224 -1
86102848 -1
86107693 1
86119119 -1
86134869 -1
86135805 -1
86159477 -1
86159773 -1
86249501 -1
86251383 -1
86297142 -1
86300475 -1
86301185 1
86318652 -1
86337264 1
86341615 -1
86341826 -1
86342696 1
86350253 1
86378290 -1
86405736 1
86424084 -1
86434766 1
86436076 -1
86445159 -1
86540369 -1
86546714 1
86566185 -1
86601784 1
86623780 -1
86651016 1
86671893 1
86689206 1
86717630 -1
86812222 1
86842525 1
86887253 -1
86923556 -1
102066916 -1
102089136 -1
102099469 1
102106577 -1
102259226 -1
102265884 -1
102266502 -1
102274506 1
102277856 -1
102341426 -1
102363639 -1
102364534 -1
102369111 1
102378783 -1
102380374 -1
102382834 -1
102405841 1
102423490 -1
102472540 -1
102476600 -1
102484540 -1
102497444 1
102528387 -1
102538169 1
102552802 -1
102557880 -1
102602573 -1
102605752 -1
102644670 -1
102674261 1
102686129 1
102741311 1
102764424 1
102768721 -1
102775681 1
102818175 1
102842976 -1
102866261 -1
146022956 -1
146051903 -1
146161643 -1
146164310 -1
146201343 -1
146248449 -1
146266054 -1
146270812 1
146308467 1
146333730 1
146342718 -1
146487150 -1
146492530 -1
146494936 1
146520443 1
146526326 -1
146576658 -1
146584614 -1
146602002 -1
146621070 1
146633366 -1
146635003 -1
146663848 -1
146670480 -1
146685859 -1
146691071 1
146705146 1
146729526 -1
146732134 -1
146775473 -1
146783272 -1
146792931 -1
146808316 -1
146855549 -1
146857335 -1
146873194 -1
146887847 1
146889295 -1
146930100 -1
146961085 -1
146968032 -1
146977135 1
171020140 -1
171046025 1
171057844 -1
171059031 -1
171064952 -1
171066910 -1
171086904 1
171091422 -1
171116479 -1
171142077 -1
171221814 1
171325613 -1
171347812 -1
171352503 1
171407268 -1
171409405 -1
171418437 -1
171438628 -1
171451341 1
171505946 -1
171549500 -1
171569649 1
171608328 1
171624991 -1
171625073 -1
171631550 -1
171695096 -1
171706480 -1
171722282 -1
171767537 -1
171838855 1
171843412 -1
171865172 -1
171870165 1
171885655 -1
171939755 1
171993868 -1
183008741 -1
183013682 -1
183026552 -1
183027832 1
183034698 -1
183062008 -1
183090541 -1
183090710 -1
183108774 -1
183114810 -1
183115428 -1
183117025 -1
183155694 -1
183173565 1
183201627 -1
183213528 1
183217860 1
183238353 1
183240765 -1
183292159 -1
183304383 -1
183350411 -1
183366153 -1
183366423 -1
183463745 -1
183488897 1
183561023 -1
183590251 -1
183592720 1
183634810 -1
183639191 -1
183639486 1
183640347 -1
183671029 -1
183674060 -1
183703506 -1
183731994 -1
183733541 -1
183734466 -1
183752417 -1
183774087 -1
183781736 1
183830983 -1
183840063 -1
183845913 -1
183889376 1
183891715 -1
183930728 -1
234010008 -1
234010303 -1
234040802 1
234114290 1
234164771 1
234187202 -1
234192189 -1
234237680 -1
234273265 1
234304268 -1
234347202 -1
234362806 -1
234416278 -1
234443440 -1
234474530 -1
234479373 -1
234484159 -1
234498770 -1
234508686 -1
234544436 -1
234588453 1
234606197 -1
234613175 1
234672767 -1
234695013 1
234698748 -1
234724300 1
234752613 1
234755869 1
234842753 -1
234846748 1
234872543 1
234881286 -1
234887421 -1
234929119 -1
234932350 -1
234940668 -1
234949452 -1
234954313 -1
234978568 1
249061064 1
249103033 1
249106147 1
249110755 -1
249217650 1
249253087 -1
249300146 1
249309112 -1
249332374 -1
249355209 -1
249453628 1
249512487 -1
249534879 -1
249548560 -1
249574595 -1
249580491 1
249605823 1
249668975 -1
249695931 1
249775004 -1
249824508 -1
249839204 1
249900111 -1
249936914 -1
249972400 -1
274046752 -1
274082056 1
274116513 -1
274236005 1
274244412 -1
274287707 1
274321125 -1
274539888 -1
274574966 -1
274616539 1
274635621 -1
274680871 1
274692990 1
274702573 1
274727889 -1
274763048 1
274773803 -1
274775157 1
274830306 -1
274878376 1
274908781 1
274923286 -1
274961415 -1
274966512 -1
283022172 -1
283087294 1
283089192 1
283134080 1
283195170 1
283290912 1
283317358 -1
283341684 1
283386878 -1
283428882 -1
283430532 -1
283430713 -1
283452599 1
283456530 1
283511683 -1
283602678 -1
283709647 -1
283748600 1
283779672 1
283788505 1
283954621 1
291088012 -1
291120204 1
291121200 -1
291202106 -1
291202907 -1
291235596 -1
291377303 -1
291391384 -1
291401967 -1
291451174 -1
291457905 -1
291478604 -1
291503321 1
291609308 -1
291627682 1
291663501 1
291695041 1
291823224 -1
291921735 -1
291940629 -1
291989725 -1
303035486 -1
303035729 1
303036554 -1
303044780 1
303291770 1
303324581 -1
303346720 1
303437464 1
303527336 1
303556415 1
303603400 -1
303607613 -1
303647051 -1
303757373 -1
303770991 1
303858626 1
303885873 -1
303907468 1
303950773 1
311010893 1
311035498 -1
311070708 -1
311078088 -1
311086078 1
311100710 -1
311110992 -1
311246397 -1
311309775 1
311349784 -1
311375411 -1
311394034 -1
311434909 -1
311475845 1
311484570 -1
311501234 -1
311597130 -1
311652274 -1
311669676 -1
311733192 1
311734175 1
311748899 1
311810108 -1
311825447 -1
311832709 1
325127033 1
325158478 1
325160682 -1
325164733 1
325171335 1
325209422 -1
325213548 -1
325271087 1
325321037 1
325339505 -1
325475423 -1
325624576 -1
325729699 1
325792345 -1
325822400 1
325827359 -1
325925820 1
325947207 -1
325955213 1
35011021 1
35031919 -1
35050683 1
35063908 1
35077386 -1
35086418 -1
35096597 -1
35125516 -1
35159228 -1
35238600 -1
35265559 -1
35301941 1
35370933 -1
35373285 1
35399576 -1
35401948 -1
35424185 -1
35426210 -1
35444593 1
35453373 1
35459575 -1
35495020 -1
355000122 -1
35508482 1
355087480 -1
355095496 -1
355104630 -1
355110084 -1
355120834 -1
355143199 -1
355159318 -1
355175244 1
355176396 1
355192983 -1
355213962 -1
355231063 -1
355276943 -1
355361587 -1
355405718 -1
355435039 -1
355474958 -1
355479524 1
355486109 -1
355487113 -1
35551790 -1
355529856 -1
355576204 -1
355674478 -1
355735884 1
355768502 1
355778079 -1
355794747 -1
355820492 -1
35583782 -1
355853758 -1
355903689 -1
35591914 -1
35597205 -1
355976791 1
355983335 1
355991075 1
35649873 1
35659025 -1
35659816 -1
35740132 1
35756036 -1
35768762 -1
35776189 -1
35776291 -1
35777224 -1
35786638 -1
35812955 1
35872856 -1
35916371 -1
35955058 1
35956820 -1
35959857 -1
35960759 -1
35960988 -1
35964129 -1
35964790 -1
35967569 -1
35971191 -1
54053960 1
54080282 -1
54107900 1
54203320 1
54227823 -1
54240427 1
54264982 -1
54295677 -1
54316268 -1
54413011 -1
54419113 1
54497337 1
54528641 -1
54539148 1
54589944 -1
54650701 1
54661937 1
54663649 1
54730169 1
54765874 1
54767407 -1
54789756 -1
54866070 -1
54868147 -1
54894681 -1
54942883 1
54966713 -1
54966948 -1
54973477 -1
86102490 -1
86174546 -1
86259483 -1
86283373 1
86341731 -1
86341937 -1
86343264 -1
86445161 -1
86461158 -1
86464761 -1
86500034 1
86524742 1
86536429 -1
86540965 -1
86625178 1
86649490 1
86677611 1
86704806 -1
86767359 -1
86785144 1
86810374 -1
86812226 1
86916578 -1
86928476 1
86966154 -1
86983046 -1
