102090536 -1
102190252 1
102198779 1
102253771 -1
102281570 1
102283822 -1
102379614 1
102392511 1
102393299 -1
102430299 -1
102454770 -1
102455521 -1
102456177 1
102457262 -1
102458779 -1
102459822 -1
102603400 -1
102627203 1
102646952 1
102672847 1
102706014 -1
102721692 1
102732462 1
102767476 1
102777461 1
102793064 1
102901691 1
102923217 1
1357673125 1
146002913 -1
146097274 1
146124946 -1
146130125 1
146200632 1
146224211 -1
146311744 1
146315468 1
146340369 1
146389716 -1
146430252 1
146433550 1
146436020 -1
146443018 -1
146447978 -1
146498595 -1
146564352 -1
146581458 -1
146635468 1
146691393 1
146740558 1
146789963 1
146838656 -1
146879031 1
146907678 -1
146924402 1
146955908 1
171010899 1
171056502 1
171062373 -1
171141005 -1
171156530 -1
171156608 -1
171157722 -1
171197499 -1
171197899 -1
171214143 -1
171219310 1
171283566 -1
171283772 -1
171349983 1
171382674 -1
171410656 -1
171424459 -1
171480679 1
171537201 1
171556086 -1
171565006 1
171655873 -1
171666238 1
171696914 -1
171741453 -1
171743646 1
171745380 -1
171797254 1
171974867 1
183015560 -1
183032464 -1
183039180 -1
183039740 1
183042320 -1
183048553 -1
183053019 -1
183066025 -1
183115359 -1
183115513 -1
183119106 -1
183137822 -1
183166467 1
183176475 1
183188127 -1
183189545 1
183194188 -1
183199647 -1
183204387 -1
183217627 1
183230209 1
183240533 1
183240963 -1
183242515 -1
183263847 -1
183268287 -1
183287724 1
183352082 -1
183393797 1
183401734 -1
183460559 -1
183472332 -1
183479364 -1
183482543 -1
183482789 -1
183489429 1
183509769 1
183544911 -1
183566998 1
183585079 -1
183591190 1
183639172 -1
183684790 -1
183721991 1
183770697 1
183796751 -1
183811071 -1
2156671810 1
230332831 1
2308332883 1
234037037 -1
234046056 -1
234062603 1
234082407 -1
234114224 -1
234141492 -1
234153044 1
234155739 -1
234156218 -1
234187621 -1
234291006 1
234327271 1
234331378 -1
234429690 -1
234433567 -1
234490713 1
234543606 1
234550432 -1
234713381 1
234715770 -1
234727245 -1
234740195 -1
234744764 -1
234775991 1
234785422 1
234824471 -1
234831708 1
234844438 -1
234869212 -1
234876323 -1
234887623 -1
234938342 -1
234968591 -1
234976385 -1
234977445 -1
234979027 -1
234984299 -1
249010091 -1
249052904 -1
249087462 1
249091854 1
249178887 -1
249183925 -1
249209103 -1
249212422 1
249213162 1
249220155 -1
249250575 1
249312511 1
249337960 -1
249339945 1
249380179 1
249396996 -1
249492128 -1
249636222 1
249761812 1
249814613 -1
249888058 1
249942791 -1
2577160800 -1
2591659644 1
2616505194 -1
2629656134 -1
2633101267 -1
2633213858 -1
2650976665 -1
274045776 1
274088562 1
274150514 -1
274224458 -1
274336267 1
274356072 1
274402921 -1
274455529 -1
274499270 -1
274577624 -1
274617905 1
274641810 -1
274647222 1
274660395 -1
274672932 -1
274797758 -1
274857265 -1
274898695 -1
274899900 1
274914092 1
274923550 1
283088482 1
283398579 1
283402746 1
283413266 1
283451254 1
283452196 1
283525469 1
283752964 -1
283787775 1
283813057 1
283834766 1
283846609 1
283960368 -1
283960568 -1
291034311 1
291091760 1
291100131 1
291146473 -1
291147079 -1
291147997 -1
291148418 -1
291149759 -1
291150969 -1
291152123 -1
291153643 1
291155660 -1
291155786 -1
291156606 -1
291156759 1
291157639 -1
291161287 -1
291161986 -1
291163083 1
291203138 1
291211678 1
291369362 1
291431557 1
291511792 1
291547177 -1
291552649 -1
291560255 -1
291566601 -1
291571753 -1
291572385 -1
291572727 -1
291584425 -1
291589728 -1
291590362 -1
291591715 -1
291614777 1
291659644 -1
291661907 -1
291662600 -1
291663451 1
291663631 -1
291667474 -1
291701346 -1
291705887 -1
291708172 1
291755832 -1
291789359 -1
291833169 1
291841224 1
291843716 1
291933579 1
291989176 -1
303068936 -1
303091770 1
303107530 -1
303110284 -1
303110598 -1
303113233 -1
303114511 -1
303115472 -1
303164376 1
303294594 -1
303295275 -1
303351120 1
303383669 1
303390203 -1
303424210 1
303457217 1
303619629 1
303682434 1
303691420 -1
303824431 1
303994459 -1
311006197 1
311031309 1
311055600 -1
311055927 1
311055992 -1
311056211 1
311078267 -1
311082999 -1
311106016 1
311232821 1
311315006 1
311421477 1
311450050 1
311501628 1
311668776 1
311718396 1
311729904 1
311754137 -1
311755928 -1
311801835 1
311807031 -1
311829031 -1
311836963 1
311931505 -1
311943893 1
311977770 -1
311986822 -1
325025678 1
325150360 1
325192242 -1
325280599 -1
325303398 1
325310701 1
325314900 1
325338574 -1
325392041 -1
325573360 1
325585649 -1
325647756 1
325670381 1
325739640 1
325810209 1
325835369 1
325913400 -1
35011193 1
35060184 -1
35158126 1
35185863 -1
35219023 1
35264927 1
35267103 -1
35289596 -1
35302089 1
35367225 1
35389143 1
35393962 1
35404658 1
35420161 -1
35474658 1
35480491 1
35491244 -1
35501740 1
355064597 1
355157974 -1
355205384 1
355211484 1
35523794 -1
355267936 1
355313859 -1
355367262 -1
355370039 -1
35540599 -1
355460694 -1
355484806 1
355565813 1
355661602 1
355807633 -1
35582021 -1
35582084 -1
35582235 -1
355874140 -1
355953503 1
355962956 1
35598621 1
355997614 1
35604881 -1
35609631 -1
35626608 -1
35677842 -1
35679005 1
35681584 -1
35684994 1
35694239 1
35709964 1
35728378 -1
35784523 -1
35804350 -1
35820667 1
35835610 -1
35868121 -1
35870625 -1
35880946 1
35888526 -1
35918220 1
35950430 1
35956344 -1
35990180 1
423543687 1
451384859 1
457941100 1
481374372 1
54022405 -1
54058913 1
54114695 -1
54120607 1
54153150 -1
54170535 1
54171165 -1
54246558 1
54264200 1
54265266 1
54290273 -1
54336193 -1
54413079 1
54454103 -1
54455711 -1
54491644 1
54520324 -1
54535819 -1
54562484 -1
54570083 1
54574387 -1
54605370 1
54700752 -1
54747817 -1
54892213 -1
54912205 1
54940492 -1
54946617 1
54959673 -1
54986448 -1
54991069 -1
86001543 -1
86025662 1
86085121 -1
86090168 -1
86161244 -1
86229353 1
86240529 -1
86242286 -1
86278312 1
86283956 -1
86317594 -1
86332486 1
86417813 -1
86461049 -1
86574529 1
86590830 -1
86595979 1
86603084 1
86695118 -1
86753258 1
86837107 1
86883439 1
86890798 1
86915673 1
86954189 -1
86969782 1
86983613 -1
86998655 -1
93901692 1
943023242 1
102063844 -1
102076805 1
102092189 -1
102095752 -1
102158073 -1
102198466 -1
102202497 -1
102203163 -1
102209489 1
102219577 1
102392483 1
102392702 -1
102455230 -1
102456522 -1
102457439 -1
102459739 -1
102460668 -1
102462205 1
102483617 -1
102508911 -1
102554558 1
102576023 1
102658351 -1
102660798 1
102667695 -1
102694370 -1
102921323 -1
102923092 1
102994518 1
1313012654 1
1444827958 1
146003933 1
146094444 -1
146097552 1
146219958 -1
146338777 1
146355575 1
146393883 -1
146439057 1
146439953 -1
146441469 -1
146450389 1
146559322 1
146578493 -1
146627678 1
146668297 1
146670517 1
146685169 -1
146700706 1
146828948 -1
146850318 1
146950841 -1
146976271 -1
171039652 -1
171043031 -1
171062577 1
171090360 -1
171140459 1
171156567 -1
171156816 -1
171197807 -1
171214532 1
171217590 1
171231176 1
171232151 1
171238616 1
171241230 -1
171281831 1
171283707 -1
171283781 -1
171369442 1
171383690 -1
171392911 -1
171424476 -1
171554968 1
171601389 1
171655934 1
171667587 -1
171696589 -1
171697018 -1
171750008 1
171910455 -1
183017865 -1
183038920 1
183040033 -1
183044582 1
183045332 -1
183046133 -1
183051867 -1
183066093 -1
183115811 -1
183119508 -1
183131583 -1
183169119 -1
183178394 -1
183189194 -1
183193452 -1
183196918 -1
183198291 1
183199521 -1
183199755 -1
183203594 -1
183205265 -1
183219585 -1
183219943 1
183242094 -1
183266486 1
183270509 -1
183277006 -1
183314924 1
183324533 -1
183402208 -1
183478472 -1
183479656 -1
183482618 1
183483379 -1
183489505 -1
183489618 -1
183511314 -1
183543333 -1
183615423 1
183616454 1
183638978 -1
183700146 1
183716598 1
183735470 -1
183756278 -1
183817160 1
183841574 1
183872017 1
183913415 1
183980840 1
183989095 -1
204707724 1
2177734292 1
2196300057 -1
2328993478 1
234063497 -1
234143138 -1
234147688 -1
234152715 -1
234155974 -1
234162051 1
234187622 -1
234202580 -1
234251433 1
234254328 1
234283558 1
234290937 1
234320793 -1
234332235 -1
234380122 -1
234433874 1
234532152 -1
234559144 -1
234561349 1
234621370 -1
234714625 1
234746732 1
234893157 1
234984306 -1
234987688 1
249052157 -1
249089308 1
249112553 1
249157540 1
249172803 -1
249212421 -1
249212430 1
249253691 -1
249305995 -1
249337961 -1
249340009 -1
249380043 1
249422126 1
249452822 -1
249474320 1
249487151 1
249494085 1
249506721 -1
249577327 -1
249603588 1
249851639 1
249880689 -1
249883652 1
249943338 -1
249948515 1
249975949 1
2623328128 1
274026007 1
274042625 1
274154308 1
274172900 1
274188796 1
274258106 -1
274312877 1
274316994 -1
274403433 -1
274493042 -1
274552848 1
274627719 -1
274657768 1
274681676 1
274825434 -1
274903190 1
274923546 1
274978194 -1
283036086 -1
283047659 -1
283057605 -1
283079660 -1
283123212 -1
283424592 -1
283439070 1
283451499 -1
283520012 -1
283529173 1
283644689 1
283670166 -1
283727857 1
283747987 1
283782448 -1
283804132 -1
283810636 1
283872625 -1
283943513 1
283959701 1
283960519 -1
283960854 -1
291087304 1
291144976 -1
291146776 -1
291147922 -1
291148335 -1
291148724 -1
291150019 -1
291151072 -1
291152310 -1
291153594 -1
291153832 -1
291155723 -1
291156038 -1
291156463 -1
291156719 1
291157095 1
291160340 -1
291161686 -1
291162303 -1
291211686 1
291273722 -1
291307603 -1
291369686 1
291540296 1
291553099 -1
291561012 -1
291563552 -1
291565652 -1
291566181 -1
291570623 -1
291572584 -1
291574444 -1
291577009 -1
291582959 -1
291584342 -1
291588551 -1
291591200 -1
291658409 -1
291661454 -1
291662808 -1
291664317 -1
291705880 -1
291733425 -1
291933669 -1
291934055 1
303066580 -1
303068934 -1
303107502 -1
303110135 -1
303110579 -1
303112891 -1
303114279 -1
303115111 -1
303115560 -1
303133424 1
303223535 -1
303294689 1
303300541 1
303316803 1
303389974 -1
303437854 1
303573072 1
303616251 1
303624234 -1
303691319 -1
303763845 1
303804789 -1
311054476 1
311055357 -1
311055906 1
311055965 1
311082882 -1
311137003 1
311188747 -1
311290933 -1
311316140 -1
311657579 -1
311715848 -1
311722288 1
311726676 1
311744931 -1
311787287 1
311801620 1
311805203 1
311807082 -1
311821926 1
311954941 1
311976549 -1
311987083 1
325123635 1
325192185 -1
325192264 -1
325203998 -1
325248695 1
325308565 1
325455327 1
325521157 -1
325552432 -1
325660263 -1
325670372 1
325714359 1
325790494 1
325885123 1
329537900 1
35006643 1
35160550 -1
35201721 -1
35211659 1
35227863 -1
35230566 -1
35243600 -1
35288365 -1
35290450 -1
35297408 1
35383363 1
35386055 -1
35396224 -1
35405058 1
35419566 1
35421455 -1
35439326 1
35491396 -1
355063769 -1
355094284 1
355170810 -1
355171992 -1
355287653 -1
355317453 -1
355348653 -1
355367274 -1
355370036 -1
355432616 -1
355451828 -1
355607886 -1
355613900 1
355687075 -1
355706643 1
355797593 -1
35581075 -1
355934847 1
355987631 -1
35607287 1
35620411 -1
35674282 -1
35680965 -1
35681871 -1
35684992 -1
35731834 -1
35800581 1
35802263 1
35805371 1
35829625 1
35837766 1
35855996 1
35910582 1
35922974 -1
35978633 1
35986637 1
35990177 -1
35999442 1
46064880 -1
528117639 1
535905963 1
54020068 -1
54099228 -1
54169427 -1
54170689 -1
54171558 -1
54185681 1
54196463 1
54204456 1
54210091 -1
54245447 1
54246875 1
54280588 1
54382603 1
54421189 1
54460702 1
54504121 1
54535800 -1
54535873 -1
54574385 1
54591878 -1
54703010 1
54747771 -1
54776949 1
54791582 -1
54820254 -1
54892415 -1
54938139 1
54970509 1
54989209 1
54991141 1
564379768 -1
86001777 1
86025460 1
86026386 1
86130541 1
86137297 -1
86144819 -1
86245148 -1
86287504 1
86323558 1
86384657 1
86415319 -1
86591471 1
86596238 1
86600079 1
86601157 1
86601800 1
86751548 -1
86864129 1
86934293 -1
86972065 -1
