100799905 1
1011919366 1
104232219 1
106438045 1
106572591 1
1069809435 1
1082511346 -1
108352363 -1
1099688120 1
111497823 1
111624885 1
112038222 1
112194267 1
113280825 -1
1140208847 1
1149862756 1
1156113096 1
116725309 -1
1180956686 -1
1200861192 1
1204095276 1
1223064172 1
12235670 1
123390124 1
12348110 1
1240508858 -1
125043450 1
1268560922 1
127752168 1
128412024 1
128458051 -1
128827134 1
128921825 1
129110425 1
130850445 1
1318824991 1
1323993336 1
1324629870 1
1329980985 -1
133510850 1
1344205148 1
1353852949 1
136067111 1
136139421 -1
1362222819 1
136235368 1
1379043431 1
1391774403 1
1394316446 1
1394740926 1
1399674172 1
140137578 1
140198669 1
1404584655 1
140826375 1
141958960 1
1428293072 1
1429917034 1
14306081 1
1436158255 1
1441187150 1
144915173 1
1458706157 1
146013471 1
1463541189 1
1464200463 1
1473760303 1
1481856909 1
148371924 1
1488049300 1
1490956837 1
149619290 -1
1496372464 1
1509975540 1
1519021393 1
154103563 -1
1548764916 1
156678491 1
1581204792 1
1588833664 1
159186804 1
15950377 -1
160198823 1
161536030 1
1619597875 -1
163019067 1
163608447 1
163612159 1
1648393543 1
1676730827 1
1684776474 1
1686600311 1
1690067939 1
1691594963 1
169657643 1
170262798 -1
170867883 -1
17126050 1
172610993 -1
174784722 1
175321776 1
1767412768 1
177218090 1
177940927 1
1798810012 1
181015175 1
181025133 -1
181153101 1
1813415622 1
181580602 1
1835256080 1
1841278384 1
184642427 1
1848007315 1
1860066736 1
1863396942 1
1868526614 1
187609810 1
187678974 1
187754065 1
1884692434 1
191852061 1
1966537017 1
1969036750 1
196993680 1
1980024710 -1
198791795 1
2003519528 1
2024279988 1
203216189 -1
2036148430 -1
2039901935 -1
2040479118 1
2045228195 1
2051284389 1
2063352920 1
2065907072 1
206687791 -1
207210147 1
2078514769 1
2079675493 -1
2083486314 1
2091032325 1
2092339368 1
2097214359 1
2103836354 1
2104033106 1
2109483443 -1
2111184021 -1
211297154 1
2125638223 1
212809157 1
2130032577 1
2130601886 1
2132440512 1
2132656174 1
2133038270 1
213648931 -1
2141578329 1
2145704807 1
215187308 1
215741496 1
2162514927 1
2164187859 -1
2166586816 -1
216716387 1
216940004 1
2172349172 -1
2178549118 1
2184927622 1
2185356603 1
2186118682 1
2188906354 1
2189525676 1
2192997236 1
2196884856 -1
219805700 1
2207848249 1
2210111980 1
22151939 1
221827536 1
2219451238 1
2220126335 1
2221707341 1
2228884659 1
2230267823 1
2233584862 1
2241459413 1
2247499831 1
2247534117 -1
224831288 1
2249747943 1
2251468158 1
2254749970 1
2255032236 1
225576604 1
2257642217 1
2261311417 1
2271227923 1
2271489583 1
2271862253 1
2276748303 1
2279208800 1
2279666077 1
2282806657 1
2286067132 -1
2287016573 1
2314183258 1
2315587928 -1
2315748653 -1
231673626 1
2320224978 1
2320858009 1
2320962339 1
2324199173 -1
2327910865 1
2329304193 -1
2333959388 1
2342634694 1
2353003211 1
2361535979 1
2362811270 1
236454292 1
2364721707 1
2367708721 1
2367829869 -1
2368345703 1
2368376992 1
2385935825 1
2395911326 1
239649047 1
2403317636 1
2404540265 -1
2408691774 1
2410718693 1
2420315093 1
2420438247 1
2428668032 -1
2435411523 -1
2437970687 1
2439725820 1
2440558504 1
2443238058 1
2447052808 -1
2451525947 1
245959360 1
2467034736 1
2475766715 1
2477167963 1
2479538343 1
248234656 -1
2482717744 1
248760778 1
249286714 1
2495716544 1
2501804170 1
250204292 -1
2508716124 1
251167697 1
2518354299 1
2519927973 1
2520749180 1
2522884487 -1
252410607 -1
2527254232 1
2531105926 1
2531680158 1
2536121104 1
25405784 1
254736139 -1
25529929 1
255971313 -1
257676291 -1
25843312 1
266366450 1
267291455 1
267529462 1
270109822 1
272107107 -1
278811798 1
279381939 1
284227125 1
287923302 -1
288289100 1
288912805 1
293388009 1
293756217 -1
298242089 1
29838520 1
300792407 1
303468365 1
308889784 1
313751628 1
313811818 -1
317901981 -1
323357573 1
328710793 1
328835874 1
329050504 1
33128342 1
331584806 1
332487111 1
332815620 1
33581582 1
336580019 1
33729267 -1
338216204 1
340841701 1
345513187 -1
348091037 1
351180362 1
351553483 1
352156271 -1
352385036 1
355350560 1
356538324 1
357406795 -1
358552383 1
358637309 1
3598710 1
360176666 1
362927515 1
363500804 1
365423926 1
366187422 1
36705992 -1
368423609 1
371053508 1
371177532 1
371641479 1
373283270 1
373823175 1
377698290 1
377843949 1
383046065 -1
385373470 -1
386554600 1
387028945 1
387366245 1
387780083 1
387980859 1
390135179 1
391191685 1
395356759 1
395496272 1
396147140 -1
396308829 1
399268350 1
400810184 1
402566216 1
403254764 1
404946703 -1
406184796 -1
406659973 1
410442072 1
411138040 1
412597066 1
414395681 1
415771951 -1
419378597 1
421695304 -1
422960245 1
424576647 1
425071343 1
426924874 1
427428971 -1
429754754 -1
429772118 1
430806926 1
434169273 -1
435933566 1
438074704 -1
438296468 1
439450757 1
439588396 1
440100610 -1
441857338 1
443651910 1
445322108 1
448019438 1
448096970 1
448400783 1
449442699 1
450598390 1
45112643 1
453420162 1
454961541 1
456865471 1
457065897 1
460509168 1
465136993 -1
466576137 1
467337793 -1
469342817 -1
470146188 -1
47382175 1
477381827 -1
48016762 1
481653710 1
482555195 1
485168195 1
490360172 -1
494960851 -1
495495069 -1
495667691 1
499038635 -1
499353110 -1
500489022 -1
502816737 -1
503267921 -1
503458959 1
504643356 1
506717537 1
507094293 -1
508055535 1
508871289 1
509075379 1
510787473 1
511390927 1
51402843 1
515971500 1
516762881 1
522705724 1
52461651 1
52810573 1
529558850 1
533853071 1
534897498 -1
53836053 1
540057953 -1
541264599 1
542176010 1
5479655 1
55062741 -1
560113534 1
560948356 1
563538545 1
575765932 1
584653436 1
605185132 1
60653511 1
61613355 -1
619082793 1
631726706 1
634727682 -1
63866912 1
659419365 1
66637039 -1
68144554 -1
684409912 -1
69894843 1
712475118 1
718641288 1
744529535 -1
747648310 -1
751242129 1
753314364 1
76007977 -1
771477057 -1
77831043 1
78736060 1
792441512 1
793923482 1
82374154 1
831841742 1
84122347 1
846372232 1
851086399 -1
852203791 1
863719252 -1
863803410 1
8685019 -1
871936946 -1
87535465 1
889052090 1
890279618 1
89413892 -1
89485969 1
89808437 1
90080850 1
90872059 1
912570983 1
920167217 1
92194122 -1
92297937 -1
92520010 -1
95436934 -1
958080092 1
96279715 1
97072715 -1
977149425 -1
980391244 -1
981391854 -1
982003644 -1
985015798 -1
986000266 -1
98666233 1
988916728 -1
99095239 1
991022950 1
991735957 -1
993288794 -1
99510967 -1
99536524 1
99575559 1
1001056570 1
100586179 1
100609746 1
1009180053 1
1009615125 1
1011537291 1
1016425714 1
1042178373 1
1053252289 1
1055705113 1
106526127 1
106963798 1
107916864 1
1080784218 -1
1090157162 1
1099210772 1
110535831 -1
11068301 -1
110756306 -1
111495105 1
1115913141 1
1117341896 1
1126089624 -1
112748402 1
1147984632 1
115327152 1
117082295 1
1173469345 1
1202475221 1
120414306 1
121904468 1
1223367229 1
123522558 1
1246273567 1
125609418 1
128904356 -1
1296548663 1
1297570477 1
130807509 1
1314628807 1
1317677098 1
13190064 1
132130554 -1
1322020445 1
1322221823 1
132804864 1
132956953 1
133002985 1
1331681599 1
1333929878 -1
133926909 1
1343112735 1
135228050 1
1360828617 1
1368110690 1
1368663926 -1
136912858 1
1374817041 1
137512001 1
137694746 1
139382027 1
139471832 1
1398984922 1
1410557310 1
1411786582 1
1420179549 -1
1439017419 -1
1439584606 1
144581001 1
1456887395 1
1459639071 1
146008603 1
147930013 -1
1484339993 1
149578061 -1
1497554647 1
1505430689 1
1509991104 1
1510922127 -1
1523055633 1
152445120 1
152454397 1
1534578895 1
1538221650 1
1544183754 1
1545124502 1
1548874926 1
1557482657 1
1563329688 1
157741380 1
157823477 1
1612437500 -1
161631910 -1
1617746529 1
1622605994 1
163088845 1
165666683 1
167870567 1
169625041 1
170009013 1
1706767581 1
170863553 1
1718609039 -1
1732253259 1
1752023565 1
1759968868 1
177111098 -1
1772698325 1
1777709260 -1
179561921 -1
1810763358 1
1818913659 1
1826406369 1
182793123 1
183263841 1
1838475282 1
184990115 1
186337313 1
1863698239 1
187614228 1
1884210378 1
1891311363 1
195572114 1
196478824 1
1968304896 1
1981843 1
198439093 1
2001607105 1
200445659 1
201543003 -1
2020570731 1
202207674 -1
2045511777 -1
2053966693 -1
2055646684 1
2061800657 -1
2063054083 1
2065256373 1
2067993422 1
2069108436 1
20702237 1
2071076638 1
2078204745 1
207864901 -1
2081401315 1
2089600045 1
2089839970 1
2091664687 1
2103827114 1
2104501239 1
2105798865 1
2119666663 1
2126153981 1
2126588433 1
2131311433 1
2139471185 1
2143573146 -1
2143666279 1
2153524582 1
2157338 -1
2170153872 1
2172565007 1
2174228609 1
2174820630 1
218143966 1
2184367953 1
2185332017 -1
2187371197 1
2189146154 1
219320628 1
2193273738 -1
2197034969 1
2197399085 1
2197628927 1
2204941238 1
2205939817 -1
2207540153 1
222401760 1
222687152 -1
2227899561 1
224071446 1
2251009830 -1
2254266819 1
2255517677 1
225901183 -1
2263253218 1
2265737443 1
2266077472 1
2268058561 1
2269194524 1
2270189262 1
2275923537 1
2289850716 1
2291372569 1
2295143937 1
2300050166 -1
2308330810 1
2312794434 1
2314122387 1
2317331700 1
2320474789 1
2321956051 1
2327328515 1
2330719235 1
2332310101 1
2334920662 1
2336112103 -1
234424510 1
2345486528 1
2351914288 1
2363196897 1
2367869327 1
236844322 -1
237398152 1
237484111 1
2379095421 1
2384592704 1
2385210157 -1
2388049842 1
238837190 1
2405932748 1
240751637 -1
2414984961 1
2420402653 1
2422351809 1
2422967177 -1
2431124877 -1
243465314 1
2440051759 1
2443168962 1
2444436126 -1
2452156362 1
2454249760 1
2458893620 1
2460527083 1
2466197901 1
2468431813 1
2477293910 -1
2480029998 1
2482517713 -1
2482555985 1
2483350788 1
2485914006 1
2497925259 1
2499651306 -1
2501820146 1
2505960824 1
250648749 1
250904877 1
2511619803 -1
2513267899 1
2515590829 1
2518256865 1
2527249989 -1
2529453016 -1
2529884307 -1
25334539 1
2534605427 1
2535416826 1
2540899968 1
2541343627 1
25475698 1
255051572 1
263861915 1
264936618 -1
2655304 -1
265808653 1
270014159 1
270179432 -1
271191415 -1
271446841 1
271544038 1
272361625 -1
272807336 1
274678971 1
276506770 1
279468048 -1
284250517 1
286703406 -1
288300076 1
288674338 1
296951612 1
297649042 1
298307273 -1
302102001 1
302661856 1
302810836 1
303337187 1
305831460 -1
306416797 1
306723920 1
311172757 -1
311425459 1
312799714 1
313746463 1
31416497 -1
314394581 1
316593441 -1
320472452 1
320566141 1
321683108 -1
322933671 1
325044584 1
32544426 -1
326150669 1
326656834 -1
32844186 -1
331504883 1
332450241 1
339392095 1
340312686 1
345374522 -1
346345947 1
352414425 1
35328046 -1
355750721 -1
35692407 1
357695222 1
360682310 1
363800428 -1
366286843 -1
368418590 1
369316190 1
369629659 1
370426218 1
371053502 1
373151161 -1
378424880 -1
380283367 1
384513044 1
386554969 1
387350774 1
388134339 -1
395360990 1
397026204 -1
398837233 1
401408169 1
402139467 1
40502168 -1
405822292 1
405861573 1
407756581 1
408162576 -1
414604693 1
41622885 -1
420990680 1
421404998 -1
422796714 1
425052955 1
426544348 1
429775752 -1
430736987 1
432201526 -1
432981554 -1
435734786 -1
436899946 1
438505719 1
439305546 1
439456575 1
442342034 1
443660207 -1
448330920 1
449245729 1
452688617 1
453567592 1
453990505 1
454701773 1
457478762 1
457970770 1
463703646 -1
469364172 1
4735433 1
475810203 1
477683998 1
479850752 1
483562922 1
483978843 1
489803208 1
492565304 1
493880918 1
494783857 1
497344524 -1
4980611 -1
49913734 1
503168533 1
503242944 1
505169239 1
506230016 1
506803990 1
506916367 -1
507747925 1
508135234 1
508626479 -1
509855462 1
511188254 1
511868668 1
512038816 -1
512443652 1
512830196 1
51429751 1
514777981 1
515298988 1
517463815 -1
525262368 1
52618120 1
52783848 -1
529273822 -1
531896556 1
535868161 1
536484949 1
536688244 -1
53674487 1
537838702 1
540154520 1
541102382 -1
541447309 1
545064792 1
550813073 -1
551074411 -1
551827074 1
557149733 -1
56967181 -1
581372797 1
58290918 1
584667521 -1
586970258 -1
588986488 1
60619836 1
60655773 -1
612216500 1
617172147 1
6210781 -1
632065657 1
636717269 -1
688081690 1
709558013 1
731723590 1
732852333 -1
737056859 1
73810860 1
74136401 -1
741972791 1
742837293 1
748465952 1
74967319 1
754364480 1
7589596 1
75964070 -1
76018274 1
761068485 -1
773760608 1
776204930 1
787394472 -1
78822871 1
810900220 1
820291787 1
82428164 1
827891100 1
831185421 1
83262654 1
8400631 1
851086997 -1
857141831 -1
85777361 -1
86339270 1
86430759 1
869528401 -1
87289539 -1
87687055 1
90062550 1
903000856 1
90901734 1
909046371 1
91335368 1
929881105 1
931549886 -1
94841061 1
953171013 -1
95731684 1
96080176 1
96991517 1
973762003 1
978563869 1
980095839 -1
980385688 -1
980539783 -1
981506180 -1
981604300 -1
98666235 1
988084221 1
989018538 -1
990251111 1
991022860 1
99526586 -1
99756250 1
