1000934765 1
1001230733 1
1009323103 1
1018557535 1
102555806 1
1035636352 1
104861983 1
105161773 -1
1058406757 1
106518007 -1
1068823234 1
1094705334 -1
1105362452 -1
1106854512 1
111533287 -1
111951623 1
1120106519 -1
1120888043 1
1120939054 -1
113811223 1
1139624176 -1
1162531618 1
1171384505 1
11834681 1
1240526466 1
124332394 1
1244007505 1
125713631 1
126618844 1
1269177529 1
1270445345 -1
127270033 -1
12798749 1
128664849 -1
129519600 1
129570722 -1
1325638419 1
1337659234 1
1342845352 1
1346252580 1
1349186527 1
1350146250 1
1350693229 -1
135348535 1
136254585 1
136712406 1
1372240437 1
138753327 1
139589912 1
139589974 1
139787709 1
140235359 -1
140632395 1
141051034 -1
1417052716 -1
1418733058 1
1423909621 1
1437352902 1
144190441 1
1448468645 -1
1459980918 -1
1467415765 -1
1468892587 -1
1470950731 -1
148109280 -1
1482249859 -1
149445253 -1
1502046990 -1
15074852 1
15287441 1
155028047 1
155319102 1
1557596939 1
1583392779 1
159039747 1
1636684497 1
164041673 1
1653994840 -1
165820256 -1
1666276109 1
1679234912 1
168303533 -1
170085475 -1
170171019 1
170665527 1
170801791 -1
1728371369 -1
17602358 1
176204686 1
177064967 1
1773978622 1
179160035 1
179604355 1
180127953 -1
180655326 -1
182795947 1
18298525 1
184073061 1
186808253 1
187498451 -1
188362853 1
188431418 1
188436194 1
189176275 1
190184781 1
190408375 1
19357691 1
194427528 -1
195634481 1
201320518 1
2025758044 1
203133271 -1
2031448723 1
2035836755 1
2038638519 1
2038801571 -1
2055400763 1
2056191054 1
206109689 -1
2065297558 1
2069057638 -1
2089262148 -1
209552747 1
2096639285 1
2104563501 -1
2110571695 1
2116478521 -1
212067064 1
2121591838 1
212545091 -1
2126386624 1
2126604455 1
212671273 1
2127444304 1
2129227097 -1
2129891508 -1
2136344249 1
2139899281 1
2142829173 1
2143626033 1
2146688792 1
2147180508 -1
2147520684 1
2153101108 -1
2156256234 -1
2165542719 1
2174196469 -1
2174632457 -1
2175760248 1
2179256081 1
2181436752 1
2181721414 1
218386663 -1
2189014516 1
2189965765 1
2195868745 1
2197409797 1
2199797697 1
2201788293 1
2202789921 -1
220505483 1
2205847985 1
2206084388 1
2212951745 1
2215512858 1
2215821232 1
2217329950 1
2223677195 -1
2226318714 1
22278756 1
2229767244 1
223062117 1
2232549379 1
2232677228 1
2233892889 1
2235658804 1
2236686596 1
2246498692 -1
2246536847 1
224765657 -1
2247958142 1
2249316973 1
2249644239 1
2255317963 1
2255461567 1
2255591731 1
2257852267 1
2258213132 1
2258395512 -1
2259136090 1
2263041397 -1
2268091473 1
2281689397 1
2286690977 -1
2292781120 -1
2293067688 -1
2297928810 1
2298974629 1
2306022208 1
2307483376 1
2307996176 1
2311061575 1
2311436005 1
2311862738 1
2311873228 1
2312251006 1
2312809873 1
231643985 1
2317165420 1
2317894670 1
2320723046 1
2320946844 -1
2321359916 1
2323928018 -1
2327243338 1
2331342349 -1
2331547843 1
2333134442 1
23387203 -1
2339033061 1
2349476661 -1
2358926574 -1
2360982095 1
2363046943 1
2367424390 -1
2370325736 1
2372617359 1
2374827247 1
2380021491 1
2383773697 1
238651492 1
2397913185 -1
2409883674 1
2410020443 -1
24104987 -1
2414763119 1
2416688088 1
2417823667 1
24224883 -1
2426070200 1
2426569778 1
2432074772 1
2441735840 1
24445508 -1
244741469 1
2448983340 1
2460458501 1
2461489239 -1
2464411857 1
2469541641 -1
2472291366 1
247439591 1
2475050430 1
2477680084 1
2478009169 1
2481113949 1
2488917775 1
2489734024 1
2495506168 -1
2499179930 1
2499558012 1
25024475 -1
250521167 -1
2509144477 -1
2510173938 -1
251596422 -1
2539871272 -1
257227668 1
257806586 1
257835967 1
26025934 1
260985368 1
262810153 -1
266436325 1
269054277 -1
272503533 1
27588020 1
27722512 -1
279968790 1
280584457 -1
282897160 -1
284503133 -1
285957705 1
287045266 -1
288487685 1
290391502 1
290419008 1
290858668 1
291498524 -1
291779496 1
292012040 1
292299546 1
3014309 1
302214656 1
302634539 1
309207041 1
31117278 1
313203494 1
316260366 -1
31775978 1
32007566 1
322994544 -1
323121091 1
323696740 -1
32397590 1
334295634 1
337846109 -1
339378633 1
33972 1
34453202 1
347032168 1
349931518 1
351268450 1
352458520 1
355360240 1
355465577 1
357274027 1
361448456 1
364348836 1
369674690 1
370577839 1
370820110 -1
371037787 -1
372434229 -1
372831529 1
376685946 -1
377531832 1
378564697 1
37873381 -1
381997245 -1
383438035 1
38500302 1
3850120 1
385960370 -1
387533077 -1
388380333 -1
391444366 1
391453940 1
393241515 1
394353931 -1
39703309 -1
398100961 -1
405421502 1
407809388 -1
412936429 -1
413612900 -1
414434627 -1
41528320 -1
41740295 1
420574188 1
420965077 -1
421061671 1
424517315 1
425380290 1
425908901 1
42616059 1
4281788 1
431828563 1
434686174 -1
43570282 -1
438880780 1
438898335 1
43963530 -1
441502666 -1
446291796 1
447855870 -1
452200928 -1
454044935 -1
455153234 1
455454180 1
45651635 -1
458287626 -1
465457835 -1
465564344 1
467893389 1
468312377 -1
471012456 -1
479208426 1
483263669 -1
483748756 1
48583119 1
489579272 1
489841598 1
492023636 -1
493871535 1
494205487 -1
496780004 -1
497641121 -1
49949616 -1
5018134 1
504125750 1
504320195 1
505353027 -1
508966083 -1
510855823 1
511214605 -1
511214617 -1
513416680 -1
51459108 1
514958344 1
515294910 1
515384895 -1
522270150 1
52816417 -1
532506868 1
532515714 -1
534454665 1
537182043 -1
537629952 1
540574347 1
546273485 -1
549011016 1
54971339 1
554472587 -1
557247508 1
56124034 1
568920307 1
569162366 1
5763885 1
604405200 1
61575 -1
62813191 -1
636871911 1
6560256 -1
66092338 1
670710793 -1
671186603 -1
67487701 1
6781658 1
68293009 -1
684224080 1
68709008 -1
696237424 -1
700732451 1
7113059 1
73754451 1
742727962 1
74888018 -1
7542224 1
757068584 -1
769381828 1
76963179 1
775300169 1
784995856 -1
79447154 -1
798156855 1
82843630 1
829155924 1
83098658 -1
85404591 -1
863764338 1
869152574 -1
87245202 -1
87544119 1
882451131 -1
884845715 -1
88784630 1
89188560 -1
89290507 -1
90817185 -1
90948691 1
91323686 1
92045153 1
920957169 1
93490987 1
941846961 1
9435208 -1
94797894 1
94806720 1
9491793 1
96154853 1
966138247 1
968691859 -1
983910418 -1
1002009110 -1
10089223 -1
1018144547 -1
1025648436 1
104391748 1
104863170 1
105716739 1
106357249 1
1069412315 1
107007191 -1
1072897527 -1
108216096 -1
1083521983 1
1098316961 1
1103775651 1
1106398852 1
1112247834 1
1120100131 -1
1125576316 1
11332529 -1
114428106 -1
114737888 -1
1161683205 1
1162543936 1
116573310 1
11725444 -1
119336648 1
1195819053 1
1203887392 1
121137255 -1
1239677185 1
1240522448 1
124598983 -1
12586130 -1
126535193 -1
126858224 1
128664848 -1
1298850307 -1
130916728 1
132482678 1
1335079185 1
1335328790 1
134679033 -1
1346985907 1
1350145214 1
135088278 -1
1351364273 -1
1354828355 -1
1366482013 -1
137861862 1
13810252 1
1385672865 1
139589942 1
1403082989 1
1407703333 -1
142215662 1
1428421527 1
143639184 -1
1436704423 1
1450150562 1
1455327362 -1
1456217783 -1
1458319497 -1
1458729702 1
1459981128 1
14624180 1
1467415761 -1
1471010965 1
1472224378 1
147441390 1
14795323 1
148214016 1
1486396541 1
1487752670 1
150716982 1
150788502 1
151254776 -1
151562913 1
152373174 -1
153632485 -1
1543694211 1
1550106438 -1
155190618 -1
155249287 -1
1584266004 1
159410744 -1
16036789 -1
161313426 1
163299135 1
1636092182 -1
164041669 1
1646945380 1
165159840 1
166158616 -1
166255094 1
16842802 -1
168525041 1
168711841 1
17235986 1
174269905 1
1766428200 1
177535131 1
179193626 1
1808964045 -1
1809353551 1
1812807191 1
1813341789 -1
1818147391 1
1840549526 1
1841101995 -1
1842073165 1
184328594 1
1849097317 1
1850147288 -1
185583259 1
1875636720 1
188436193 1
1904051593 1
192216099 -1
1935551058 1
1936221735 1
1937177048 -1
194277749 -1
194445386 -1
1969696842 1
197261563 1
20036244 1
201136352 1
2024651436 1
203136477 -1
2058385068 -1
2059727936 -1
2060242716 1
2063232752 -1
2064209301 -1
2065622256 1
207219470 1
207645451 1
2078518292 1
2078943243 -1
2082406004 1
208357724 1
2084958831 1
2087927241 -1
2092546886 1
2093873535 1
2099925601 1
2102387539 1
211112446 1
211628613 1
2119772392 1
2126642817 1
2127257760 1
2127981794 1
2128844390 1
2138995871 1
2146246828 1
2147163780 -1
2147291575 -1
2154264899 -1
216380940 1
2176085798 -1
217787660 1
2179825542 1
2180377855 -1
2180935469 1
2185873330 -1
2187322371 -1
2189014510 1
218912778 1
2189681 1
2196044606 -1
2197409999 1
2199799747 1
2201887703 -1
2203142559 1
2203683570 1
2205342889 1
2209026590 -1
2211701904 1
2212497756 1
2212924039 1
2215113010 1
2219488340 -1
2219502907 1
2222075465 1
2222581830 1
2224230263 1
22278754 1
2229420276 1
2232512283 1
2232642674 -1
2233301756 1
2236772407 -1
2239803478 1
22412911 1
2245416324 1
2247495555 -1
225145167 1
225385919 1
225520040 1
2255612064 1
225623569 1
2257032459 1
2257380927 1
2257672863 1
2258138156 1
2258318094 -1
2258650770 1
2261119663 1
2262594184 -1
2271206851 1
2279663208 1
2281940564 -1
2285667215 -1
228598315 1
2287067940 -1
2294445161 -1
23025125 1
2304257520 1
2304705285 -1
2305806495 -1
2306678925 1
2307996174 1
2307996182 1
2311075675 1
231130006 1
2311861352 1
2311864378 1
2315134725 -1
2317136001 1
2317894668 1
2317894686 1
2318855441 -1
232018485 1
2320735069 1
2323926994 1
2325063194 1
2325254214 1
2329756019 1
2330928540 -1
2337218806 1
2339041737 1
2339581777 1
2346497556 1
2355346784 1
2362014902 1
236288623 -1
2364432770 1
236751024 -1
2369813145 1
2372282792 -1
2374686732 1
2395488090 1
2401304219 1
2408732333 1
2412482055 -1
2417161524 1
2417237527 1
2418260064 1
2419221722 1
2425969260 1
2426526649 1
2426569852 1
2426841295 1
242804865 -1
2430049948 -1
24301497 1
2430206693 1
2439799742 1
2443519063 -1
2447463595 1
2448717599 -1
24500253 1
2451432781 1
2460262862 -1
2463517607 1
2465490891 1
2466315196 1
246697574 1
2467456187 1
2468281410 1
2473652569 -1
247439586 1
2478332164 -1
2481626116 1
2488917295 1
248922507 -1
2491293780 -1
2495077613 -1
2496075332 1
249697026 -1
2498219812 -1
249870349 1
2499179932 1
2502724905 1
2503699464 1
25060511 1
2507906483 1
2509617470 -1
2515991298 -1
2521491404 -1
2525597292 1
2530132891 1
2536776403 -1
254685038 1
255040538 1
257227676 1
260371514 1
260802779 1
262215006 1
265223545 -1
269990 -1
271868596 1
271887562 -1
27221277 -1
272290500 -1
272702093 1
27695909 -1
279987092 -1
280587769 1
281151447 1
282027789 -1
2846045 1
284893408 -1
288994577 -1
289831412 -1
29216464 1
293584455 1
299496478 1
30003156 1
300729121 -1
307747974 -1
309752695 -1
310347150 -1
310684620 1
317416586 1
320846079 1
321017050 -1
323225876 1
3238815 -1
328639553 -1
331074831 -1
336020290 1
339455634 1
342312908 1
342953855 1
34453561 1
348226222 1
351847117 -1
354747257 1
355243230 1
355574135 -1
355651542 -1
358841643 -1
359193592 -1
360907629 1
362063466 1
362231388 -1
362859555 -1
36471281 1
366997419 -1
368849456 -1
369828475 1
373763048 1
374237837 1
375833525 1
382520044 -1
383342184 1
384694659 -1
38501049 1
387391140 1
391453932 1
393617071 1
396420966 1
396504760 1
399256080 -1
399857193 1
400751034 -1
402657694 -1
404987898 -1
408628887 1
410375373 1
413855464 -1
41420122 1
414929340 -1
415166149 1
415461985 1
41628505 -1
417143499 1
422769064 1
423467005 1
424281499 -1
424547214 1
425259546 1
427459795 -1
427623185 -1
429526795 1
430908212 -1
432073343 -1
433190086 1
433814791 1
435387674 -1
438872441 1
44036866 1
440445344 1
441695639 1
443496503 -1
444031291 1
446211916 1
448614610 1
449506046 -1
452085349 1
45707060 1
457440847 1
458523408 1
458720874 1
459655311 -1
460098404 1
463156141 -1
46592237 1
467917186 1
46908707 -1
470014690 1
47143571 1
47379884 -1
48058105 -1
482769151 -1
48376865 -1
492051686 1
49537396 -1
495546084 1
496537578 -1
498776811 1
502246173 -1
507140001 -1
510527915 1
511214611 -1
512731504 -1
514541993 1
520696442 -1
5258837 1
529805783 1
532505900 1
532506922 1
532596963 1
536219164 1
537182095 -1
541752500 1
55740156 -1
558696920 1
560162186 -1
560372943 -1
561949021 1
576276238 -1
578198734 -1
578891556 -1
59179915 1
602831998 -1
61835159 1
61919207 -1
62701805 -1
6327345 -1
63778642 -1
639343690 -1
641348358 1
66269143 1
66967635 1
675033470 1
68066213 -1
68432608 -1
6851095 1
686597533 1
68733531 1
688649830 1
69266030 1
696237378 -1
7113058 1
71851287 -1
71879988 1
730380864 1
73468899 1
745925468 1
756882350 -1
757161825 -1
78567448 1
793627837 -1
793965268 -1
80922809 1
831700224 -1
845951358 1
85199123 1
861095701 1
866216627 1
86753523 -1
86834673 -1
868854373 -1
8724440 1
874119112 1
87446056 -1
881298963 1
884845649 -1
888283673 -1
88870558 1
89392525 -1
900466907 -1
907825978 -1
92044735 1
92053229 1
921527906 1
92307435 1
92388348 -1
940330774 -1
943698496 1
94697264 1
94797893 1
94797896 1
9490422 1
96509816 -1
96648893 1
98075816 -1
991669367 -1
993146993 1
99506856 1
