2160193692 -1
2377895555 -1
2672583957 -1
2700487509 -1
2700535859 1
2700713435 1
2700730623 1
2700783471 1
2700930951 1
2700978087 1
2701023785 -1
2701029185 -1
2701052355 1
2701154711 -1
2701218259 1
2701282616 1
2701343372 1
2701391809 1
2701406755 1
2701425213 -1
2701463620 1
2701473265 1
2701475398 1
2701490006 1
2701522055 -1
2701531170 1
2701552945 1
2701562267 1
2701562591 1
2701563861 1
2701572881 1
2701608802 1
2701631952 -1
2701654572 -1
2701661743 1
2701714504 -1
2701793863 -1
2701797412 -1
2701841063 1
2701916712 1
2701921577 1
2701933843 1
2701966788 -1
2701991447 -1
2702010177 1
2702019272 1
2702039577 1
2702043325 -1
2702111265 1
2702188027 1
2702205034 1
2702267309 1
2702316452 1
2702333226 1
2702371166 1
2702378478 1
2702393753 1
2702491148 1
2702619007 -1
2702651804 -1
2702732122 1
2702753691 1
2702807673 1
2702811003 1
2702813897 1
2702861226 -1
2702872516 -1
2702879656 1
2702946991 1
2702992029 1
2703015695 1
2703068555 1
2703130568 1
2703189743 1
2703191591 1
2703192535 -1
2703202691 1
2703306239 1
2703335463 1
2703362281 1
2703447726 1
2703571804 1
2703624290 1
2703640524 1
2703703065 1
2703760537 1
2703772732 1
2703775474 1
2703811013 1
2703824905 1
2703835779 1
2703838513 1
2703892852 1
2703964416 1
2703995225 1
2704010555 1
2704027891 1
2704039384 1
2704040222 1
2704044155 1
2704054659 1
2704104526 -1
2704114124 1
2704160188 1
2704182399 1
2704221328 1
2704238668 -1
2704242190 1
2704261063 1
2704285327 1
2704322228 1
2704360605 1
2704388643 1
2704394780 1
2704404966 1
2704418463 1
2704419493 1
2704425534 1
2704451311 1
2704477425 1
2704479177 1
2704484645 1
2704497190 -1
2704501054 1
2704557570 1
2704662499 1
2704680878 1
2704683890 1
2704697567 -1
2704779432 -1
2704807995 1
2704833598 1
2704844405 1
2704858085 1
2704859467 1
2704870173 1
2704873080 1
2704880319 1
2704880493 1
2704931612 1
2704976956 1
2704979076 1
2705002892 1
2705008975 1
2705034170 1
2705050492 1
2705075954 1
2705085536 1
2705099614 1
2705183330 1
2705203245 1
2705258383 1
2705278759 1
2705300400 1
2705366307 -1
2705402852 1
2705418320 1
2705457888 1
2705483542 1
2705553972 1
2705592175 1
2705618693 1
2705630322 1
2705640751 1
2705651895 1
2705666592 1
2705692444 1
2705708407 1
2705715875 -1
2705729297 1
2705745271 -1
2705753286 1
2705797878 1
2705808191 1
2705830862 -1
2705833428 1
2705932894 1
2705989305 1
2705996539 1
2706006498 1
2706022613 1
2706076758 1
2706085170 1
2706117017 1
2706120007 1
2706122065 1
2706126283 1
2706130158 1
2706144705 1
2706145933 1
2706180705 1
2706202572 -1
2706243349 1
2706245365 1
2706303545 1
2706379459 1
2706390083 1
2706428676 1
2706437276 1
2706485639 1
2706517172 1
2706532095 -1
2706551018 -1
2706557633 -1
2706585289 1
2706657823 1
2706676033 1
2706703155 -1
2706718266 1
2706746839 1
2706760797 1
2706785177 -1
2706801970 1
2706824858 1
2706859698 1
2706910423 1
2706926461 1
2706935998 1
2706942090 1
2706948186 1
2706961973 1
2706983751 1
2706994763 1
2707043569 1
2707046999 1
2707073387 1
2707116347 -1
2707125102 1
2707143906 1
2707153538 -1
2707175153 1
2707182850 1
2707193800 -1
2707196068 -1
2707197656 -1
2707218116 1
2707228421 1
2707230969 1
2707239612 1
2707241621 -1
2707261745 1
2707312267 1
2707405969 -1
2707424525 1
2707450510 1
2707465203 -1
2707492998 1
2707547840 -1
2707627951 1
2707639809 1
2707641243 1
2707655472 1
2707662908 1
2707699102 -1
2707701791 1
2707702667 1
2707703187 -1
2707749470 1
2707771513 -1
2707785241 -1
2707805131 1
2707823409 -1
2707829037 -1
2707852123 1
2707867819 -1
2707871211 -1
2707885118 -1
2707890045 -1
2707906291 -1
2707909973 -1
2707928153 1
2707937457 -1
2707939664 -1
2707953370 1
2707967155 -1
2707997957 -1
2708012157 -1
2708022350 1
2708035819 1
2708038877 1
2708044074 1
2708045442 1
2708046242 1
2708047620 1
2708058437 -1
2708066613 1
2708072665 -1
2708076145 1
2708078061 -1
2708085369 -1
2708106289 -1
2708120243 1
2708140598 -1
2708163882 1
2708172172 1
2708183955 -1
2708189873 -1
2708194415 -1
2708282897 1
2708309851 1
2708325994 1
2708397874 1
2708413357 -1
2708432468 1
2708440264 1
2708461144 1
2708468578 1
2708491354 1
2708513133 1
2708517539 1
2708518667 1
2708523514 -1
2708555370 1
2708572626 1
2708596912 -1
2708628493 1
2708633669 -1
2708645889 -1
2708659485 -1
2708664932 -1
2708687460 -1
2708697132 -1
2708703912 -1
2708736555 1
2708746220 1
2708764530 1
2708774394 -1
2708785666 -1
2708806444 -1
2708826180 -1
2708829252 -1
2708844236 -1
2708852172 -1
2708867852 1
2708870722 -1
2708877198 -1
2708886158 -1
2708912915 1
2708913580 1
2708919548 -1
2708921978 -1
2708931094 1
2708952332 -1
2708981578 1
2708998520 -1
2709012196 -1
2709044274 -1
2709047297 1
2709052319 1
2709052945 1
2709073326 -1
2709074788 -1
2709080831 1
2709093976 -1
2709112734 1
2709119893 1
2709127872 1
2709139004 1
2709164144 1
2709218629 -1
2709324484 -1
2709329278 1
2709329694 1
2709330684 1
2709334510 1
2709341157 -1
2709382019 -1
2709385242 1
2709393421 -1
2709457668 -1
2709465033 1
2709494751 1
2709570318 1
2709578127 1
2709646303 -1
2709646865 -1
2709662498 -1
2709728377 1
2709768728 -1
2709819525 1
2709856078 -1
2709858706 -1
2709870258 1
2709888466 1
2709906541 1
2709918046 1
2709936470 1
2709946208 1
2709998297 -1
2710007142 1
2710008001 1
2710039580 1
2710064553 1
2710066911 1
2710068813 1
2710072363 -1
2710074016 1
2710079642 1
2710103761 -1
2710149153 -1
2710169346 1
2710210278 -1
2710246425 1
2710304141 1
2710315158 1
2710315259 1
2710356638 1
2710382527 -1
2710407754 1
2710407786 1
2710521605 1
2710528457 1
2710547822 1
2710578942 1
2710635627 1
2710719362 1
2710735030 1
2710757029 -1
2710802982 -1
2710829137 1
2710835229 1
2710838382 1
2710858900 1
2710870197 1
2710871732 1
2710878352 -1
2710879712 1
2710884322 1
2710920042 -1
2710932314 1
2710934624 1
2710939319 1
2710960683 1
2710986663 1
2711040729 -1
2711084933 -1
2711178971 -1
2711242855 1
2711251678 -1
2711288049 -1
2711299620 1
2711338398 -1
2711445573 1
2711464649 -1
2711474112 1
2711475971 1
2711553699 1
2711583497 1
2711588329 1
2711623825 1
2711632335 1
2711638002 1
2711655274 1
2711664068 1
2711669772 1
2711710043 1
2711752051 1
2711787892 1
2711815773 1
2711845894 -1
2711893422 1
2711915435 1
2711920480 1
2711975871 1
2712009612 1
2712029760 -1
2712040510 -1
2712047635 1
2712069883 1
2712073434 -1
2712079766 -1
2712099676 -1
2712151551 -1
2712172644 1
2712235945 1
2712259233 1
2712275215 1
2712298048 1
2712318522 1
2712357608 1
2712462258 1
2712471916 1
2712473956 1
2712500170 1
2712506252 1
2712537181 1
2712552585 1
2712577069 -1
2712577493 -1
2712654117 -1
2712673576 1
2712677101 1
2712725450 1
2712737119 1
2712766377 1
2712822582 1
2712867436 1
2712964822 -1
2713086278 1
2713181802 1
2713185174 1
2713273688 -1
2713294894 -1
2713312246 -1
2713391016 -1
2713404168 1
2713462410 1
2713468564 -1
2713481596 -1
2713665542 1
2700366519 1
2700712803 1
2700726479 1
2700749455 -1
2700911397 1
2700986669 1
2701026183 -1
2701030869 -1
2701053461 1
2701117377 1
2701165031 1
2701170055 1
2701213191 -1
2701249389 1
2701278365 1
2701375585 1
2701406619 1
2701429173 1
2701496888 1
2701529024 1
2701532316 1
2701553725 -1
2701562529 1
2701563531 1
2701575829 1
2701666527 1
2701713420 -1
2701768192 1
2701802988 1
2701824447 1
2701862136 1
2701897116 -1
2701916742 -1
2701924260 1
2701951669 1
2701983790 -1
2702041435 -1
2702136235 -1
2702203528 1
2702220154 1
2702220294 1
2702296214 1
2702322990 1
2702336046 1
2702352681 1
2702376410 1
2702378756 1
2702585742 1
2702618687 -1
2702662614 1
2702724720 -1
2702744637 -1
2702778997 1
2702793195 1
2702807065 1
2702812681 1
2702829044 1
2702869724 -1
2702878365 1
2702882949 1
2702937168 1
2702950078 1
2702958493 1
2703005907 1
2703023530 -1
2703096917 1
2703127573 1
2703132306 1
2703190052 1
2703192087 1
2703202685 1
2703230849 1
2703290335 1
2703329005 -1
2703398381 1
2703440542 -1
2703459737 1
2703569337 -1
2703575278 1
2703623536 -1
2703635834 1
2703734895 1
2703765597 1
2703811912 1
2703833273 1
2703836033 -1
2703848131 1
2703956598 1
2703992891 1
2703999461 1
2704013392 -1
2704024961 1
2704027903 1
2704032803 -1
2704039820 1
2704043263 1
2704112772 1
2704122658 1
2704156114 1
2704169345 1
2704217076 1
2704238274 -1
2704240772 -1
2704254223 1
2704269507 1
2704304440 1
2704318542 1
2704379473 1
2704392546 1
2704403592 1
2704417827 1
2704419031 1
2704425237 -1
2704426493 1
2704478971 1
2704479765 1
2704495758 1
2704497384 1
2704524393 1
2704546637 1
2704590450 1
2704662342 1
2704683760 -1
2704684332 -1
2704777704 -1
2704781726 -1
2704806641 1
2704827716 1
2704836106 1
2704857199 1
2704858424 1
2704868863 1
2704873078 1
2704873102 1
2704880453 -1
2704880547 1
2704898299 1
2704975506 1
2704978514 1
2704999719 1
2705033505 1
2705049314 1
2705067630 1
2705077434 1
2705085834 1
2705116273 1
2705200596 1
2705206988 1
2705246282 1
2705292323 1
2705303041 1
2705391322 1
2705477591 1
2705519331 1
2705554408 1
2705592043 1
2705626012 1
2705635969 1
2705641123 -1
2705661251 1
2705679086 1
2705702294 1
2705712177 1
2705723381 1
2705747813 1
2705787923 1
2705832759 1
2705945267 -1
2706022597 1
2706022617 1
2706084177 1
2706115393 1
2706119613 1
2706120733 1
2706123883 1
2706126869 1
2706144293 1
2706145491 1
2706160371 1
2706199521 1
2706227745 1
2706243295 1
2706255217 1
2706302759 -1
2706379566 1
2706427440 1
2706487160 1
2706551226 1
2706575000 1
2706627126 1
2706657493 1
2706658119 1
2706676747 1
2706698165 1
2706759888 1
2706780913 1
2706822276 1
2706829715 1
2706858124 1
2706860665 -1
2706871248 1
2706887017 -1
2706915222 1
2706934784 1
2706941886 1
2706942292 1
2706960847 1
2706965066 1
2706978206 1
2706989741 1
2707017818 1
2707046630 1
2707066743 -1
2707074276 1
2707099788 -1
2707106750 1
2707119025 1
2707127279 -1
2707190814 1
2707192254 -1
2707194578 -1
2707196976 -1
2707202678 -1
2707227653 1
2707230295 1
2707238002 -1
2707244945 1
2707273548 1
2707315586 1
2707395097 1
2707439619 1
2707454770 1
2707479475 1
2707590904 -1
2707599228 1
2707619332 1
2707632613 1
2707640501 1
2707643709 1
2707662839 1
2707668660 1
2707701764 1
2707702657 1
2707703125 1
2707754935 1
2707778067 1
2707795712 1
2707816147 1
2707823729 1
2707824506 1
2707854357 -1
2707869644 -1
2707874805 -1
2707884579 -1
2707889243 -1
2707910240 1
2707920319 -1
2707930941 -1
2707937910 -1
2707945712 1
2707959385 -1
2707963971 1
2707993237 -1
2708005855 -1
2708018031 -1
2708029061 -1
2708038863 -1
2708042216 1
2708044887 -1
2708045728 1
2708046912 1
2708054409 -1
2708057751 -1
2708062153 -1
2708074502 1
2708076247 1
2708080491 -1
2708086381 1
2708109299 -1
2708139087 1
2708158893 -1
2708180613 -1
2708191013 -1
2708217459 -1
2708293304 1
2708314245 1
2708334463 1
2708388098 1
2708400586 1
2708439060 1
2708450536 1
2708452068 1
2708461902 1
2708470496 1
2708493248 1
2708512217 1
2708515917 1
2708517655 1
2708522226 -1
2708532430 1
2708564424 -1
2708582592 1
2708630663 -1
2708644432 -1
2708649714 -1
2708660599 -1
2708669412 1
2708679218 -1
2708688550 1
2708736456 -1
2708741040 1
2708750468 -1
2708767202 -1
2708775672 -1
2708794264 -1
2708821150 -1
2708828541 1
2708839934 -1
2708841656 -1
2708846944 1
2708858614 -1
2708870258 -1
2708871400 -1
2708877312 -1
2708909718 -1
2708913282 -1
2708918420 -1
2708920330 -1
2708929870 -1
2708934592 -1
2708981222 -1
2708982302 1
2709000411 1
2709031334 -1
2709046903 -1
2709049302 -1
2709052590 1
2709066666 -1
2709073939 1
2709077272 -1
2709091022 1
2709095211 1
2709118331 1
2709125395 1
2709142483 -1
2709215337 1
2709222299 1
2709227623 1
2709320835 -1
2709328356 1
2709329480 -1
2709330206 1
2709331190 1
2709334862 1
2709357541 1
2709383821 1
2709392262 1
2709439593 1
2709459324 -1
2709469540 -1
2709542297 1
2709578023 1
2709646719 -1
2709730401 1
2709772678 1
2709775832 -1
2709783681 1
2709853396 -1
2709857442 -1
2709868500 1
2709881678 -1
2709904420 1
2709914776 1
2709941856 1
2709953126 1
2709981066 1
2710002862 1
2710007163 1
2710011260 1
2710039413 1
2710051434 1
2710066349 1
2710068531 1
2710069339 1
2710073037 -1
2710074273 1
2710110379 -1
2710144378 -1
2710175320 1
2710198011 1
2710224349 -1
2710283376 -1
2710314448 -1
2710315235 1
2710315265 1
2710371022 1
2710407748 1
2710407774 1
2710409790 1
2710499171 1
2710525818 1
2710541944 1
2710577745 1
2710637455 -1
2710718620 1
2710729452 -1
2710793400 1
2710808544 -1
2710831696 1
2710836951 1
2710855835 1
2710860352 -1
2710871094 -1
2710871966 1
2710879648 -1
2710884282 1
2710920029 1
2710926768 -1
2710959050 1
2711016689 -1
2711080181 -1
2711089031 1
2711116877 -1
2711198014 1
2711232024 1
2711275011 -1
2711293227 -1
2711331525 -1
2711359953 1
2711407160 -1
2711446576 1
2711472503 1
2711475146 1
2711479221 1
2711587861 1
2711611980 -1
2711628053 1
2711636696 -1
2711639270 -1
2711657474 -1
2711669022 1
2711671224 -1
2711697379 -1
2711733469 1
2711734371 1
2711801692 1
2711832301 -1
2711851764 1
2711905644 1
2711918007 1
2711946276 -1
2711994114 1
2712009888 1
2712025980 -1
2712035630 -1
2712055770 -1
2712071922 -1
2712078481 1
2712081112 1
2712130699 1
2712174347 1
2712240169 1
2712262491 1
2712315212 1
2712320885 1
2712400966 1
2712460596 -1
2712464892 1
2712473915 -1
2712474973 -1
2712505091 -1
2712516075 -1
2712536133 1
2712555960 1
2712577459 -1
2712649578 1
2712650252 1
2712672066 1
2712674757 -1
2712721014 -1
2712726440 1
2712766379 1
2712910718 1
2713030988 1
2713183350 1
2713358736 -1
2713396884 1
2713481334 -1
2713486258 1
2713538212 1
