102012290 1
102021634 -1
102037207 -1
102058925 1
102093902 1
102097360 -1
102154325 -1
102154571 -1
102174351 -1
102202798 1
102292330 1
102294122 1
102296003 1
102297164 1
102311356 -1
102389628 1
102410723 -1
102471839 -1
102475490 -1
102482698 -1
102526045 1
102535171 1
102551853 1
102560139 1
102590182 -1
102603969 -1
102604209 -1
102638863 1
102643248 1
102652204 -1
102710434 1
102758454 1
102799335 -1
102817711 -1
102887547 1
102953633 1
102955141 1
102989544 1
102995200 1
146000034 -1
146026107 -1
146075778 1
146077473 -1
146184756 1
146213435 1
146236649 -1
146368748 -1
146372484 1
146395691 1
146396905 1
146398464 -1
146405638 -1
146414052 -1
146441269 -1
146536234 -1
146539542 1
146545934 1
146615407 1
146617935 -1
146625526 1
146629599 1
146668210 -1
146670363 -1
146670510 -1
146674871 -1
146677668 -1
146697120 -1
146711275 1
146892640 1
146904002 1
146905812 -1
146997947 1
171033218 -1
171038442 1
171040313 1
171042468 1
171043814 -1
171127794 1
171129905 1
171223226 1
171240678 1
171242003 1
171417466 1
171436444 -1
171444546 1
171459306 -1
171506013 1
171530878 1
171574780 -1
171603443 1
171669751 1
171671675 1
171696133 1
171711356 -1
171742193 -1
171822908 1
171826286 -1
171833260 1
171905546 1
171980536 -1
183008060 -1
183012859 -1
183021409 1
183111876 -1
183114729 1
183251160 -1
183295251 1
183320653 -1
183332613 1
183369882 -1
183421159 1
183482003 1
183522077 1
183536831 -1
183548509 -1
183552529 1
183568991 1
183610626 1
183617986 -1
183620436 1
183628585 1
183634909 1
183697938 1
183711498 1
183719339 1
183743554 1
183845017 -1
183850570 -1
183852183 -1
183858842 -1
183861402 -1
183871970 -1
183872195 -1
183874202 -1
183970055 1
183990863 1
234016079 1
234040899 -1
234080321 1
234111637 1
234131763 -1
234202773 -1
234214720 -1
234253444 1
234289825 -1
234290746 1
234304240 -1
234344116 -1
234358445 -1
234360118 1
234421920 1
234547530 1
234552181 1
234605841 -1
234637468 -1
234657050 -1
234670405 -1
234699573 1
234719439 1
234766893 1
249038218 1
249050144 1
249071565 -1
249076214 -1
249106453 -1
249139926 -1
249243540 -1
249439227 1
249458080 -1
249482808 1
249505715 1
249507085 -1
249513879 -1
249587714 1
249618973 1
249627687 1
249697920 1
249838775 1
249868365 1
249869297 -1
249871755 -1
249909931 -1
249944658 1
249945054 1
249951225 -1
249953820 1
249985788 1
274042930 -1
274057990 -1
274058878 -1
274065652 1
274077572 1
274079387 -1
274113691 -1
274167401 -1
274172418 1
274173585 1
274212664 -1
274264961 1
274339252 -1
274343641 1
274372203 1
274372647 1
274375262 -1
274389299 -1
274393500 -1
274458986 1
274484774 1
274505833 -1
274624667 -1
274631454 1
274780004 -1
274781484 -1
274860091 -1
274887333 1
274941545 1
274994509 -1
283165804 -1
283232179 -1
283245324 -1
283267402 1
283330010 1
283340815 1
283341980 1
283391083 1
283393324 1
283395352 1
283426586 -1
283463377 1
283466939 1
283480473 1
283546320 1
283548146 1
283628577 1
283735422 -1
283748356 -1
283841470 -1
283844471 1
283860453 1
283870062 1
283880929 1
283896615 1
283942077 1
283953615 -1
291003398 1
291025525 -1
291076936 1
291077297 1
291079197 1
291081393 -1
291084542 -1
291084889 -1
291086466 1
291107763 -1
291309966 1
291311614 1
291375122 1
291416047 -1
291459180 1
291494552 -1
291501709 -1
291505760 -1
291562819 -1
291564545 -1
291566031 1
291581946 -1
291582360 -1
291584216 1
291588171 -1
291646601 -1
291664361 -1
291720444 -1
291833787 -1
291834247 1
291859736 -1
303002521 1
303004945 1
303040638 1
303056285 1
303065389 1
303082917 -1
303086017 -1
303087108 -1
303089273 -1
303115857 -1
303121371 -1
303122056 -1
303204615 1
303252540 -1
303314472 1
303356771 -1
303364423 -1
303365489 -1
303409172 -1
303418078 -1
303473499 1
303526602 1
303551853 1
303716745 -1
303760287 1
303803880 -1
303805617 -1
303899785 -1
303911137 1
303917423 -1
303930420 -1
303950652 -1
311012841 -1
311082999 1
311168457 -1
311196713 1
311207751 1
311224415 1
311241674 1
311302219 1
311494944 1
311509662 1
311531415 1
311532845 1
311537573 1
311551980 -1
311553779 1
311560935 1
311566159 1
311572928 1
311576461 1
311581008 1
311616799 -1
311649214 1
311664890 1
311672146 -1
311703593 1
311723533 1
311735691 1
311738498 -1
311813820 -1
311859144 -1
311860467 1
311862706 1
311863340 1
311916163 -1
311941050 1
325012934 1
325043086 -1
325144858 1
325183323 1
325244526 1
325272312 1
325290651 1
325297415 1
325355379 1
325356344 1
325360303 1
325361062 1
325377843 1
325426867 -1
325458390 -1
325496407 -1
325517345 -1
325531944 -1
325541024 -1
325552880 1
325601297 1
325739994 -1
325943260 -1
35003008 -1
35069507 -1
35094383 1
35125924 1
35164988 1
35203470 1
35294705 -1
35396264 1
35411145 1
35426281 1
35475541 1
35475763 1
35476063 -1
355001707 -1
355068926 1
355071046 1
355073191 1
355075460 1
355084901 -1
355094095 -1
355100323 -1
355108139 -1
355110033 -1
355123416 -1
355124586 -1
355142612 1
355144029 1
355159134 -1
355170194 -1
355253960 -1
355275783 1
355305699 1
355308120 -1
355372546 -1
355420128 1
355422800 -1
355428916 -1
355496061 1
355613231 1
355613934 1
355621627 1
355840783 -1
35586615 1
355977969 1
355984826 1
35702721 1
35758545 -1
35776632 1
35854190 -1
35855660 -1
35890870 1
35923179 1
35932453 1
35932777 1
35933263 -1
35945229 1
35954590 -1
35954802 -1
35958993 1
35968833 1
35985701 1
35990817 -1
35999656 1
54035315 1
54080178 -1
54133849 1
54147946 -1
54158670 1
54237483 -1
54244174 1
54258788 1
54280706 1
54311738 -1
54329797 -1
54334074 1
54349984 -1
54525816 -1
54556543 1
54568396 -1
54602245 -1
54646236 -1
54740027 1
54753513 -1
54771813 -1
54845536 1
54861878 1
54866724 1
86004904 -1
86010949 -1
86104204 -1
86122675 1
86191463 1
86215340 -1
86243938 1
86329120 -1
86398168 1
86466205 1
86567596 1
86600249 1
86614131 -1
86621649 1
86674966 1
86733000 1
86734646 1
86749087 1
86815217 -1
86833893 1
86839912 1
86845899 1
86849222 1
86927937 -1
86934827 1
86944382 -1
86983286 -1
102003278 1
102012084 1
102026754 1
102039920 -1
102097079 -1
102097414 -1
102138521 -1
102154238 -1
102195585 -1
102254012 -1
102281403 -1
102290677 1
102292397 1
102293947 1
102295741 1
102299779 1
102397397 -1
102471809 1
102471883 1
102474292 1
102588500 -1
102603873 1
102604048 1
102635184 1
102640542 -1
102703002 -1
102711774 -1
102713793 1
102796734 -1
102829228 1
102897791 1
102904483 1
102939839 1
102954364 1
102955356 1
102962847 1
146000191 -1
146024852 1
146030601 1
146041222 -1
146076808 1
146078240 1
146124290 1
146183024 -1
146195934 1
146202711 -1
146219405 -1
146236193 -1
146236837 -1
146374548 1
146389461 1
146390005 1
146396168 1
146406156 -1
146407999 1
146413215 -1
146414392 -1
146415863 -1
146421571 1
146479930 -1
146518476 1
146617479 -1
146618299 -1
146669380 -1
146669606 -1
146670355 -1
146674693 -1
146676338 -1
146691405 -1
146711969 1
146781000 -1
146824363 1
146847385 -1
146905007 -1
146907533 -1
146979911 -1
146996717 -1
171025658 1
171028162 1
171035214 -1
171040778 1
171041784 1
171092305 -1
171127049 1
171129181 1
171132946 -1
171137403 -1
171165052 1
171192406 1
171240425 1
171242710 1
171320358 -1
171363332 -1
171423861 1
171441607 1
171444342 -1
171444576 1
171576005 1
171578396 1
171596188 -1
171671359 1
171741535 -1
171779911 1
171797888 1
171825129 1
171917398 1
171933543 1
171999216 -1
183003394 -1
183007295 -1
183016554 -1
183101815 -1
183124683 1
183134100 1
183144871 -1
183236261 -1
183321840 1
183361688 1
183451124 1
183525890 1
183532797 1
183534928 1
183552230 -1
183554970 -1
183570035 1
183598412 1
183601049 1
183637169 1
183702269 1
183720343 1
183726022 1
183751723 -1
183851370 -1
183854611 -1
183860788 -1
183870808 -1
183876237 -1
183885470 -1
183909761 -1
183944329 -1
183955314 -1
183968553 1
234016076 1
234021119 -1
234025565 1
234031097 -1
234079692 1
234081925 -1
234082872 -1
234141881 1
234153270 -1
234192536 -1
234258185 1
234265625 -1
234277567 -1
234287373 1
234360011 -1
234429936 -1
234459755 1
234470636 1
234499227 -1
234507183 1
234515091 -1
234651014 -1
234676680 -1
234691422 1
234722440 1
234726927 1
234777955 1
234821013 -1
234837788 1
234855234 -1
234904372 -1
234976526 1
234984279 -1
249019952 1
249053887 1
249133449 -1
249180620 -1
249206133 -1
249273071 1
249285502 1
249289541 1
249316045 1
249335525 1
249357202 -1
249453119 -1
249458361 1
249460029 1
249558675 1
249571419 1
249691661 1
249828687 -1
249867866 1
249869086 -1
249912366 1
249944796 1
249945371 -1
249989048 1
249990030 -1
249992086 1
274015077 1
274054122 1
274054337 1
274056909 1
274058163 1
274064667 -1
274069989 -1
274159853 -1
274167242 -1
274300656 -1
274320458 -1
274334758 -1
274369497 1
274371368 1
274372496 1
274375983 1
274391328 -1
274459139 -1
274466217 -1
274523993 1
274570554 1
274589129 1
274642440 -1
274856233 -1
274861541 -1
274865139 -1
274891086 1
274895731 1
283100181 1
283110097 1
283111031 -1
283147475 -1
283191885 -1
283225520 1
283319729 1
283340197 1
283393226 -1
283393468 1
283396013 1
283409853 1
283440848 1
283468079 -1
283489257 1
283561234 1
283567928 1
283612302 -1
283691800 -1
283733157 -1
283829279 -1
283832189 -1
283841097 -1
283844898 1
283859279 1
283877963 1
283880892 1
283883677 1
283931244 1
283934198 1
283973779 -1
283986882 1
283991229 1
291039366 1
291060319 -1
291077052 1
291077622 1
291080663 1
291084640 1
291086204 1
291097255 1
291111154 -1
291277932 1
291292891 1
291312888 1
291375509 -1
291407714 -1
291424924 -1
291459443 1
291495577 -1
291501618 -1
291506214 -1
291582359 -1
291586752 -1
291590238 -1
291723900 -1
291790541 -1
291834059 -1
291841741 1
291872834 1
291878788 1
291892197 1
291931839 1
291935149 1
303003344 1
303006468 -1
303028155 -1
303084314 -1
303087006 -1
303089448 -1
303121655 -1
303122279 -1
303156512 1
303210368 -1
303239430 1
303244188 -1
303281167 -1
303350793 -1
303351993 -1
303364954 -1
303368752 1
303382638 -1
303385277 1
303404677 1
303464445 -1
303473013 1
303532540 -1
303547392 1
303578683 -1
303632774 -1
303810019 -1
303831977 1
303864527 1
303879302 -1
303890732 1
303894641 -1
303901912 -1
303913416 -1
303963468 1
303994917 1
311063026 -1
311107058 1
311185772 -1
311313499 -1
311325404 -1
311454915 1
311494717 1
311511325 -1
311529637 -1
311530966 1
311532608 1
311536557 1
311536777 1
311546492 1
311552554 1
311563999 1
311567437 1
311571628 1
311580563 1
311581615 1
311616406 -1
311642794 1
311664371 1
311703590 1
311752595 1
311778962 1
311847717 -1
311859213 1
311860166 1
311860585 1
311862356 1
311862736 1
311895352 1
311933956 -1
325008543 1
325017306 1
325066870 -1
325071395 1
325277982 -1
325290534 1
325297311 1
325298195 1
325311161 1
325313759 1
325337014 1
325355298 1
325360323 -1
325363653 1
325404462 -1
325421561 1
325424673 -1
325466390 -1
325517656 -1
325585602 -1
325599874 -1
325618942 1
325643661 -1
325685012 -1
325739990 -1
325765669 1
325844423 -1
35042530 1
35056926 1
35083423 -1
35126010 -1
35198869 -1
35298464 -1
35322094 -1
35352259 1
35390654 1
35397038 1
35404638 -1
35412151 1
35434624 -1
35475741 1
35475952 1
35476158 1
35483938 -1
355001711 -1
355043067 1
355067410 1
355069743 1
355074000 1
355076334 1
355094087 -1
355109805 -1
355124582 -1
355126147 -1
355130233 -1
355158657 -1
355251602 1
355316223 -1
355330856 1
355357129 1
355372404 1
355387574 1
355419468 1
355420439 1
355423489 -1
355498999 -1
35556078 1
355586767 1
355601261 1
355615191 1
355623406 1
355628186 -1
35566160 1
355844617 -1
35586438 1
35586654 1
355873332 1
355954101 1
355985688 1
35624508 1
35678788 1
35703582 -1
35707356 1
35709783 -1
35778004 1
35823027 1
35834000 -1
35854662 1
35866952 1
35892061 1
35924051 1
35932608 1
35933015 -1
35944655 1
35946259 -1
35954607 -1
35958593 1
35959071 1
35968362 -1
54074919 1
54092313 1
54118122 1
54161174 1
54190716 -1
54199383 1
54244171 1
54297464 -1
54333842 1
54467382 1
54525827 -1
54569326 -1
54687089 -1
54740117 -1
54789080 1
54812382 -1
54857018 1
54861879 1
54863020 1
54876720 1
54946840 -1
54986412 -1
86007862 -1
86103649 -1
86114746 -1
86153409 1
86160473 1
86191535 -1
86256497 -1
86300107 1
86310021 1
86318335 1
86332351 -1
86332494 -1
86346719 1
86378559 -1
86397932 1
86399046 -1
86403744 -1
86435506 1
86438089 -1
86466203 -1
86466218 1
86566111 1
86566998 -1
86590803 1
86641067 -1
86661994 -1
86674569 1
86731073 1
86733254 1
86747195 1
86792465 -1
86838647 -1
86845669 1
86849650 -1
86852137 -1
86880713 1
86983496 -1
