100050220 1
10211871 1
1036625687 1
1043722674 1
1048878582 1
105611974 1
106672356 1
1072277484 1
1093603276 -1
1097781170 -1
1107653571 1
1126439071 1
113719381 -1
1138537367 1
1146365139 1
11476937 1
1160727046 1
118451774 1
1197799276 1
120879600 -1
1238622339 1
1264384886 1
1273780423 1
1317379949 1
1327551917 1
1327992062 1
1328278742 1
1348610341 1
1350873414 1
1352074855 -1
1354668981 1
1355613891 1
1356959378 1
136033221 1
13646826 -1
137488015 1
137513556 1
137784210 1
1382967451 -1
1384305898 1
1385727126 -1
1393342890 -1
1393344468 -1
1397429610 -1
141180094 1
1426481500 1
142719045 1
1428666396 -1
1436428142 1
143915361 1
1446362076 1
1453228003 -1
1454210023 -1
145886556 1
1469062122 -1
147238340 1
1474219862 1
1482727148 1
1486571713 -1
1487049253 1
1504523975 -1
1523048719 1
1534053423 1
154363953 -1
1543731168 -1
155376085 1
1554466011 1
1560758404 -1
1624871136 1
162926429 1
1634883561 1
165916181 1
166012508 1
166858098 1
1670595555 1
1672662727 1
1675578233 -1
1693077882 1
171912570 1
173071494 1
1736479017 1
1798215819 -1
180238092 1
1818198195 1
1849208278 1
1849965766 1
187188946 1
1879760641 1
189213146 1
1906530781 -1
1914731438 1
1930218072 1
1938385636 1
1964089984 1
197263152 1
200630762 -1
2017526742 -1
201924036 1
2037845614 1
2043308987 1
2044339079 -1
2048662788 -1
2063059004 1
2064055408 -1
2065167934 1
2065969197 -1
206602291 1
2067349067 1
2076459981 1
2077197783 1
2079472030 -1
208060771 -1
2084156924 -1
2087253484 1
2087497412 1
2093753443 -1
209859246 -1
2099006237 1
2100855366 1
2102130539 1
2103459214 1
2105868803 -1
2108030993 1
2112062186 1
2112621538 1
2115052844 1
2115634968 -1
211685966 1
212657768 1
2129545593 1
2138843641 1
2139151794 -1
2144924579 1
2159296561 1
2162797992 1
2171685188 1
2182066961 1
218252567 1
218252794 1
218253021 1
218253753 1
218254673 1
218255643 1
2187359572 -1
2197470172 1
2207322292 1
2209279752 -1
2214411068 -1
2216175826 1
2218295063 -1
2219089558 -1
2224138120 -1
2224765133 1
2225903404 1
2228082448 1
2233181763 1
2234647922 1
2236792638 -1
2238659855 1
224057498 1
2242300 1
2242734721 1
2245701542 1
2250032897 1
2259784636 -1
2260867360 1
2262641069 -1
2265643835 1
2266625677 1
2269075230 1
2272119943 1
2272913854 1
2280839227 1
2283344903 1
2292653474 -1
2294514312 1
2301430021 1
2302642776 1
2303718008 1
2304864811 1
2306440895 1
231906175 1
23216853 -1
2325551343 -1
2327662231 1
2330330419 -1
233064682 1
2333429331 -1
2342109041 1
2342591833 -1
2346217249 1
2349365087 -1
2351816577 1
2362026200 1
236246394 -1
2364262418 1
2365188734 1
2365999912 1
2381484837 1
238337730 -1
2383434606 -1
2384518715 1
2389056170 1
2392962921 -1
2394319363 1
2394511338 1
2397453303 -1
2397998944 1
2398273822 -1
2398306762 1
2403508988 -1
2403932314 -1
2405600858 1
241272527 1
24128395 1
2413566780 1
2414089939 -1
2414915144 -1
2417542942 1
2418148552 1
242076178 -1
2425003228 1
2426641735 -1
24273510 1
2429741732 1
2430140408 1
2430402045 1
2431385643 -1
2432246232 -1
2433046248 1
2444366063 -1
2445191540 -1
2445998352 1
2456150083 1
2456380443 1
2457204076 1
24578502 -1
2458129087 1
2458653558 -1
2458948259 1
2466204488 -1
2470256112 1
2476114283 1
2478530544 1
2479985966 -1
2481287649 -1
2490965701 -1
2490967359 -1
2490968395 -1
2490969593 -1
2490971037 -1
2490972423 -1
2490978833 -1
2490979833 -1
2490980611 -1
2490981243 -1
2490982379 -1
2490982763 -1
2490983587 -1
2490986035 -1
2490986469 -1
2490990389 -1
2490990763 -1
2490991909 -1
2490992871 -1
2490993573 -1
2490996095 -1
2490998693 -1
2490999313 -1
2491000667 -1
2491011223 -1
2491012617 -1
2491013479 -1
2491029815 -1
2491030739 -1
2491784670 -1
2491785512 -1
2491787162 -1
2491789166 -1
2491790570 -1
2491791096 -1
2491798020 -1
2491799238 -1
2491800406 -1
2491800986 -1
2491801766 -1
2491802652 -1
2491805374 -1
2491809044 -1
2491809780 -1
2491811010 -1
2491811960 -1
2491813462 -1
2491814308 -1
2491815088 -1
2491816708 -1
2491817208 -1
2491817954 -1
2491818454 -1
2491818900 -1
2491820258 -1
2491828862 -1
2491831036 -1
2491848180 -1
2491848646 -1
2494777953 1
2494959304 1
2495173634 -1
2502306082 -1
2504260221 1
2506115796 -1
2506562236 1
2506809917 -1
2507774365 -1
2512908056 1
252423372 1
2529359814 1
2530454430 -1
2532566191 -1
2532570501 -1
2532571183 -1
2532647095 -1
2533386390 -1
2533493544 -1
2534657664 -1
261059742 1
2647499 -1
265805232 1
269288569 1
269288573 1
271855870 1
275205366 1
275799358 1
281610437 1
282135347 1
290611732 1
294409025 1
295485220 1
297814256 1
300661755 1
304626162 1
308748687 1
308750139 1
311071098 -1
312810609 1
314296897 1
315191787 -1
315772313 1
319766328 -1
320624841 1
322444813 -1
3229083 1
329819733 1
33070052 1
345096092 1
349051100 1
356149938 1
361605704 1
37022706 1
375103774 1
375667864 -1
375788521 -1
378297754 1
378855888 1
379127965 1
384816662 -1
389013737 -1
390896449 1
394588259 1
400261394 1
400401208 1
401351110 1
401457417 1
401583557 1
401991002 1
403480084 1
404599308 1
408569867 1
40883564 1
411864076 -1
41386939 1
415374140 1
415586489 1
416261180 1
417807673 1
418195981 1
422539964 1
422728744 1
424719622 1
428880875 -1
431303182 1
436183888 1
436315237 1
436650210 1
43802075 1
444067276 1
444335980 1
44444134 1
445159518 1
44667887 1
44705132 -1
44707820 -1
448650755 1
450560361 1
450810894 1
453153488 1
455811688 1
458300970 1
458837907 1
46120170 1
463892047 1
465749428 1
469425486 1
471823216 1
471938515 -1
472245165 -1
484969827 1
488015446 1
496361968 1
499082859 1
510577055 1
511091288 1
516863192 1
524230649 1
525195189 1
525290337 1
525320372 1
528641478 1
529012857 1
531102048 -1
53181780 1
534602924 1
534705973 1
53574682 1
541992914 1
542404646 1
542743412 -1
548719104 -1
557759687 1
564499835 -1
577907276 -1
581503145 1
582448619 1
582783230 1
59238777 -1
607635585 1
610025208 1
616760732 1
61782545 1
61810151 1
6364881 -1
658625294 1
663080544 -1
67908490 1
6958169 1
69938081 1
70788891 1
711609241 1
71750990 1
720934598 -1
723971989 -1
725889946 -1
733493233 1
741503747 1
748933736 1
752188231 -1
752695561 1
753536330 1
75676019 1
759270699 -1
765475413 1
7835754 1
789876444 1
79214936 1
802601238 -1
805562665 1
81312505 -1
81506246 -1
824407948 -1
829652979 -1
833769137 1
83984779 1
84038285 1
845412877 -1
8455478 -1
84707582 1
84789749 1
854846548 1
86870246 1
872898381 1
874437207 1
899882730 -1
907087712 1
90903791 1
93070403 1
93440933 1
93664527 1
937996067 -1
945771050 1
94679750 1
966451670 -1
97090477 -1
975602846 -1
98709100 1
1007199160 1
103412280 1
104926892 1
1062336133 1
1063962739 -1
107602839 1
107979135 -1
108586683 1
1087481872 -1
1092714928 -1
110668247 1
1120456867 1
1120892540 1
1139631617 -1
114089069 1
1144118126 1
1148383071 1
1157549197 1
1177961499 1
1180253620 1
119507934 1
119793660 1
1240204126 1
127423743 -1
127469830 1
1280438127 1
128432018 1
1287197305 1
1289754087 1
1304272853 1
1307136504 1
1323932641 1
1326968786 1
1328448256 1
1330604556 1
1338754994 1
1345132964 1
13506483 1
1353471401 1
135402719 1
135723514 1
1384814071 1
138596112 1
1392453367 -1
1393344126 -1
1395908470 1
1397551399 1
140698596 1
14171174 1
1417507084 -1
1429790360 1
1430614543 1
1432024709 1
1440786872 1
1443470597 1
144969715 1
1453135629 1
1453245943 -1
1454062320 -1
1454115074 -1
1454207537 -1
1454212743 -1
1468818035 -1
1473367239 1
1475377670 1
1477215421 1
1485537600 1
149167325 1
1499456521 -1
150183729 1
1503418152 1
152355124 1
156935983 1
1583065986 1
1591365058 1
1621169419 -1
16371539 1
1643656 1
167545445 1
1680627502 1
168347480 1
168658808 1
1691357284 -1
169195124 1
1709841310 1
17251923 1
173301873 1
1736544741 1
1796495631 1
1804859641 1
1807275217 1
181002623 -1
1815784870 1
1815842887 -1
183765123 1
187189310 1
1885109802 1
189200954 1
1943650321 -1
1972871034 1
1974181548 1
20012392 1
2027490950 1
2040509534 1
2042105950 1
204301405 1
2044344750 1
2048225104 -1
206245098 1
2070572737 1
207725484 1
2084156914 -1
2085650442 1
2087497408 1
2089481892 1
2092095349 1
209411848 -1
2096939245 1
209859245 -1
2099051596 1
2099663007 1
2108127107 1
2112132162 1
2114860395 -1
2115649200 -1
211985078 1
212061615 1
2124282562 1
2125390422 1
2132308212 -1
2142249682 -1
2144924203 1
2145715386 1
2148455320 1
2153127209 1
2154656974 1
2157679917 -1
216625265 1
217440037 1
2178766424 1
218074546 1
218252658 1
218252944 1
218253672 1
218254442 1
218254796 1
2182730676 1
2186713568 -1
2187682167 1
2191769249 1
2205639573 1
2207699656 1
2207868617 1
2208855580 1
2209612619 1
2210405258 1
221324018 1
2215726007 -1
2216213452 1
222135112 1
222138116 1
2221957141 -1
2223370879 1
2224979805 -1
2227293381 1
2228086882 1
2228994410 -1
2231016333 1
2238482054 -1
2255338645 1
2259178701 1
2259769705 1
2266925223 1
2268284789 1
2272118389 1
2276654204 1
2280835547 1
2281450057 1
2284302395 1
229432603 1
2296103062 1
2297442943 1
2301431471 1
2302226970 1
2304533383 1
230486258 1
231207008 1
2312383561 -1
2314886342 1
2315730954 -1
2316264984 1
2319099872 1
23216899 -1
2327009130 1
2329498203 -1
2333541276 1
2336396272 1
2344938819 -1
2345566057 1
2346514289 1
234767556 1
2348761188 -1
2348868051 1
2349697938 1
2350502375 1
2359655132 1
2361639715 1
2362569896 -1
2364968619 1
2365662111 1
2366603912 1
2371992003 1
237270746 -1
2381286639 1
2381715787 1
2383400444 -1
2383446326 -1
2388813539 1
2391569496 1
239218342 1
2393536984 1
239618493 1
2397094063 1
2397363775 1
2397440765 -1
2397454831 1
2398272850 -1
2398287002 -1
2399669103 1
2407288682 1
2409172619 1
24128538 1
2414088755 -1
2414914296 -1
2423897431 1
2424390025 1
2428463065 -1
2432234899 1
2432255716 -1
2433046112 1
2433047228 -1
2435328333 1
2437880261 -1
2441082267 1
2441592471 1
2444364299 -1
2444764404 1
2445191050 -1
2445192024 -1
2446289154 1
24470605 1
2448409396 1
2452015110 1
245470158 1
2456355031 1
2458719988 -1
2469042968 -1
2471685907 1
2472501861 1
2479868011 1
2484164661 1
2489616190 1
2490234160 -1
2490725493 1
2490967097 -1
2490967481 -1
2490969485 -1
2490970941 -1
2490971127 -1
2490978579 -1
2490979297 -1
2490979985 -1
2490981127 -1
2490982269 -1
2490982665 -1
2490983407 -1
2490985309 -1
2490986149 -1
2490987003 -1
2490990489 -1
2490991789 -1
2490992093 -1
2490993339 -1
2490994501 -1
2490998109 -1
2490999131 -1
2491000449 -1
2491010625 -1
2491011475 -1
2491013141 -1
2491013549 -1
2491031091 -1
2491404289 1
2491784858 -1
2491786498 -1
2491787660 -1
2491789044 -1
2491790114 -1
2491790684 -1
2491797636 -1
2491798660 -1
2491798904 -1
2491800288 -1
2491800700 -1
2491801668 -1
2491802486 -1
2491804402 -1
2491809502 -1
2491811500 -1
2491812466 -1
2491813686 -1
2491814626 -1
2491815686 -1
2491816918 -1
2491817290 -1
2491818152 -1
2491818550 -1
2491819508 -1
2491820682 -1
2491829204 -1
2491831822 -1
2491848090 -1
2491848454 -1
24924223 1
249436946 1
2496119502 1
2505707669 1
2506810003 -1
2515664613 1
2518626888 1
2522174518 1
2522912822 1
2524436982 -1
2530480929 -1
2530899288 -1
2532546449 -1
2532570127 -1
2532570669 -1
2532646975 -1
2532682189 -1
2533386564 -1
2533870753 1
2534238111 -1
2535047520 -1
2539405304 -1
2546257051 1
255592904 1
260674072 1
261041592 1
269288572 1
269288576 1
278105950 1
287143996 -1
289477914 1
28956319 1
290244412 1
290407383 1
291316886 1
29194744 1
295016536 1
295091649 1
297730197 1
301826682 1
308255609 -1
308748993 1
309234979 1
311466832 1
317500262 1
319766317 -1
320770754 1
322687730 1
3229081 1
324402135 1
325500218 1
326929218 1
3290214 1
329819767 1
33075526 1
335893690 1
336807196 1
339351413 1
33952608 1
347960247 1
349596555 1
350228615 1
350665486 -1
352644247 1
356143041 1
36341682 1
367216002 1
369082017 1
380532553 1
387048147 1
389833038 1
390562640 1
39588568 1
397283463 1
397749493 1
401304663 1
401583505 1
403480071 1
407981274 1
40883533 1
411313490 -1
41387421 1
416082438 1
416690032 1
424716420 1
428384043 -1
430298271 1
434596504 1
434726521 1
436040218 -1
438732886 1
438891565 1
440122924 1
444336405 1
446771106 1
44706234 -1
44707821 -1
451173446 1
453425654 1
467162319 1
468215974 1
468305239 1
470520976 1
4711603 1
475298124 1
479981929 1
486608032 1
491402810 1
493171565 1
494580344 -1
499078629 1
500116892 1
503641827 1
504352795 1
508985334 -1
523453307 1
524580787 1
525291533 1
526080539 1
527543693 1
5354032 1
538570206 1
538644223 1
539432008 1
542315655 1
54335642 1
54524134 -1
547218993 -1
547978684 -1
553728286 1
557991628 1
55968814 1
575464136 -1
582342947 1
587623112 1
596720895 1
606635363 1
61782610 1
6306278 1
634477022 -1
637075594 1
642928262 1
65826938 1
6678771 1
69328125 1
69936317 1
700816664 1
70443957 -1
70790504 1
720934544 -1
72372299 1
727407400 1
748933726 1
752689279 1
753593199 1
77025514 -1
774901723 -1
781564375 1
793305502 1
824421468 1
839732188 1
8454350 -1
84707251 1
855059766 1
860496706 -1
860723157 1
900996873 -1
90610354 1
945505879 1
962198041 1
968993614 1
97087823 -1
983683879 -1
