100577829 1
1006003754 1
10081980 1
10082053 1
100873604 1
1008997955 1
101424263 1
101563676 1
103646542 -1
1038145830 1
1039401922 1
1044682690 1
105214829 -1
1057539756 1
1074094415 -1
10768491 1
1083139951 -1
1086081191 1
10982922 1
1100761722 -1
110079446 -1
1106799127 1
1118691884 1
112866960 1
113137620 1
1135604057 -1
1144227246 -1
1166546466 1
1214199488 -1
1216187883 -1
1216197135 -1
1216239715 -1
1216250781 -1
1216288511 1
1217076282 -1
1226114450 -1
123367631 -1
124659833 1
1251370239 1
12563916 1
126124393 1
1266897490 1
1278984900 -1
1287033147 -1
1299584717 1
1300449176 1
1304248208 -1
1307506642 1
1313884508 1
1321312110 -1
1323025874 -1
133190790 -1
1348418624 -1
1354147694 1
13693220 -1
137288411 1
1375678297 1
138567310 1
1386178700 1
1404675948 -1
140551376 -1
140553748 -1
140564148 -1
140567935 -1
140574911 -1
140579075 -1
1407693049 -1
1409848728 -1
1410502654 1
142303504 1
142662165 1
1434226550 -1
1434226574 1
1434736439 -1
1441855819 1
1454105147 1
14569466 1
147542679 1
1492216791 -1
149266706 1
149903661 -1
149904424 -1
149905144 -1
150800896 1
1508867498 -1
1518473390 -1
1519506505 -1
152168522 -1
1534490977 -1
153963692 -1
1545563237 1
1545826087 -1
1545831677 -1
1546696514 -1
1546697698 -1
1552211138 1
1557256281 -1
1558124540 -1
156431663 1
157955963 -1
158581838 -1
159271093 -1
1651754597 1
1661534545 1
1661725 1
169681372 1
169813211 -1
1709932748 -1
171153657 -1
1714236852 1
1735552021 -1
1746118981 1
1746722937 1
1751993209 1
177575337 -1
177907430 1
179105156 1
1792146664 1
1813323786 -1
1826542259 1
1842011981 1
18425873 1
1843276789 1
1872857777 -1
187706578 1
187804906 -1
187814718 -1
187822045 -1
1903145922 1
1939245251 -1
194937212 1
19845972 -1
1991140881 -1
19914884 -1
1993785879 1
200020482 -1
202529482 -1
203051191 1
2040689401 1
2046690151 -1
2047130101 -1
205396173 1
205570419 -1
2060586402 1
2065178371 -1
2065183651 -1
2072431108 -1
2076857793 1
2082560571 -1
208473899 1
2086563981 1
2087418271 -1
2087583905 1
2088203916 -1
2089556006 1
2094563831 1
2098396020 1
2105633811 -1
2107789986 -1
2107792140 -1
2112093100 -1
2115767229 -1
2116542720 -1
21184990 1
2128436962 1
2140631558 -1
2153066057 -1
2167416248 -1
2179121221 1
2179571236 1
218144420 -1
218144684 -1
218144787 -1
218145304 1
218145543 -1
218146022 -1
218146111 -1
218146249 -1
218146272 -1
218146439 -1
218146953 -1
2186124207 -1
2186907704 -1
2187014698 -1
2187922181 -1
2190685322 -1
2203814488 1
2205434303 1
220621615 -1
2207542264 -1
220827721 1
2213693873 -1
2219491788 1
2227819686 1
2229202644 1
2232333717 -1
2236052828 1
2237352556 1
2241759315 -1
2243054190 1
2245107769 -1
2246123957 1
2247480084 -1
2253348444 1
2256164382 1
2256691056 1
2256696186 -1
2261662965 -1
2264534906 -1
2267767715 -1
2270179388 1
2272823557 -1
2275814159 1
2275846721 -1
2275869649 1
2276621810 1
227985933 1
2282021504 1
2283591839 1
2284320564 -1
2287170714 -1
228724205 1
2289878049 -1
2290474269 -1
2290669452 -1
2290781054 1
2292155510 -1
2294325610 1
2296726378 -1
2298361226 -1
2304974750 1
2307962772 1
2309529628 1
231027832 1
2313969342 -1
232215972 1
232216054 -1
2326926351 -1
2330850771 1
2332105436 -1
2332195524 1
2335018699 -1
2336985377 1
2339147442 -1
2342479136 -1
2349465329 -1
2350298124 1
2352979038 -1
2357082491 -1
2362059872 -1
236254301 1
2365043602 -1
2368877143 -1
2378317630 1
2393562604 -1
2394750070 -1
2401317904 -1
2403618892 -1
2415474801 1
2417098332 -1
2419543901 1
2420213211 -1
2420225657 -1
2420228659 -1
2421018350 -1
2421023762 -1
2421024249 -1
2421025438 -1
2421035962 -1
2421043674 -1
2421044546 -1
2421193791 1
2421195327 1
2421839052 1
24233574 -1
2425775686 -1
2427993074 1
2434354462 1
2434708761 -1
2438244238 -1
2439297542 -1
2441085033 1
2441449568 -1
2441451566 -1
2441453984 -1
2445799744 1
2447150715 -1
2447962324 1
2448207529 1
2450082307 -1
2450908856 -1
2460953497 -1
2465766911 -1
2465766961 -1
2467768742 1
2473930417 1
2474776705 -1
2491781491 -1
2492601260 -1
2511154714 -1
2512461236 -1
2515756094 -1
2516663919 -1
2524219442 1
2530507889 -1
2534549904 -1
2539830767 -1
2546974527 1
254996745 -1
2550701120 -1
261853682 -1
262114746 1
266208100 1
269338780 -1
270916814 -1
270923319 -1
271048229 1
271478472 -1
279075101 -1
280789846 -1
281889651 -1
289527380 1
28997419 1
291043834 -1
296637431 1
296740557 1
299536188 1
304551708 -1
306678228 1
307761354 -1
308166420 -1
308166429 -1
309756784 1
311477209 -1
315392347 -1
318707294 -1
319222869 1
320619541 -1
323881354 1
32480320 1
33223914 -1
33939903 -1
340032316 -1
347593876 1
352434214 1
363181143 1
363930408 -1
366827071 -1
368656002 1
368888142 -1
374215109 1
377497626 -1
379740 1
381672658 -1
3835739 1
383858246 -1
385133410 -1
385231435 -1
38718866 1
387270127 -1
387271156 -1
389777685 -1
389848312 -1
390524004 1
392272570 -1
39769460 1
399219087 -1
404820183 1
405846327 1
40672646 1
414065100 -1
414928267 -1
415013020 -1
416311044 1
417821209 -1
423466377 -1
423669188 -1
4280529 -1
429565898 1
430450736 1
431622608 -1
432114207 1
433447896 1
433652542 -1
433653274 1
433653592 1
433655162 1
43382219 -1
435295175 -1
438855849 -1
439231083 -1
440849675 -1
449541215 -1
453036981 -1
454664295 1
455130199 1
457161169 1
457311184 1
4576123 1
458507612 -1
458507982 -1
45871813 1
45968272 1
460416690 -1
46353566 -1
46415815 1
466713478 -1
466722575 -1
467532858 -1
469204787 -1
471156555 -1
472832087 -1
475489305 -1
475489309 -1
478897262 1
478988307 1
48071624 -1
483811222 -1
484581802 1
485348558 -1
486296869 -1
49493430 -1
499259499 1
503227138 1
503922999 -1
50742427 -1
507594921 -1
51242759 1
513112698 1
524065353 1
527667470 -1
531652458 1
5336932 -1
533968182 -1
534065625 -1
535899569 1
536019045 -1
55518479 -1
557103723 1
558009510 -1
55854208 -1
563106546 -1
563295236 -1
563333952 -1
563349388 -1
563392568 -1
563653959 -1
563710061 -1
563837751 -1
565355665 -1
5657389 1
569649122 -1
585139925 1
586957366 -1
59170272 -1
594716003 -1
6065783 1
62628136 1
6371462 1
64153169 1
653041786 1
66439141 1
666768181 -1
667620286 -1
6882857 1
69756043 -1
704583709 1
7080721 -1
7090646 -1
71122450 -1
7176799 -1
722295339 -1
7229077 -1
73000590 -1
75382489 -1
75462820 -1
757523039 1
76119880 1
762838847 1
762865817 1
809511490 -1
820132971 -1
825193 -1
843785939 -1
846985226 -1
84901594 1
851679451 1
863219722 1
884027204 -1
884521057 -1
885366244 -1
89316566 -1
926166900 -1
94055907 1
94055933 1
95176565 -1
9598678 -1
96587065 1
96733705 1
969165694 -1
974601946 -1
98484709 1
990204947 -1
10081992 1
10082114 1
102486230 1
103574312 -1
1039170068 -1
104170254 1
1044682886 -1
105177089 1
106665055 1
1088388390 1
1099922251 1
1099939109 -1
110033540 1
1100766284 1
1108690993 1
1121723705 1
113137661 1
11366242 1
11381928 1
115680374 1
116764492 1
118463509 1
1185443646 1
120045683 -1
1209394242 -1
1214199478 -1
1216190597 -1
1216201627 -1
1216248077 -1
1216256679 -1
1217073872 -1
1217829554 1
1218592018 -1
1223620761 1
1224480820 -1
1251696133 -1
1261087442 -1
127715068 1
1278023853 1
1278984826 -1
1279059066 1
128582697 -1
1287031293 -1
1287885466 -1
129427119 1
1295549896 -1
1313886562 1
1319215873 1
1323809803 1
133287495 1
1350811126 1
1357655789 1
1360508111 1
1362504801 -1
137152164 1
1375650237 1
138567311 -1
138623671 -1
1404667006 -1
1404684194 -1
140549789 -1
140552952 -1
140561828 -1
140565035 -1
140573430 -1
1410499724 1
1410503904 1
142347049 1
142651174 1
1433295079 1
1434226564 1
1440123385 1
144164376 1
144186710 1
1448496253 -1
145717657 -1
1474142321 1
147609635 1
148095811 -1
148140722 1
14869320 1
1493068014 -1
149904078 -1
149905080 -1
1508869814 1
152204677 -1
1534456735 1
1545828159 -1
1545832061 -1
1546690782 -1
1546697268 -1
154781979 -1
1558125400 -1
164802302 -1
166090575 1
1675715227 1
169339735 -1
169722393 1
1735750967 -1
1752537805 -1
176224650 -1
177889097 -1
179104725 1
1791272095 1
1792155590 1
1798868250 -1
182878441 -1
1836061058 1
1839770 1
1841995961 1
1842951100 1
187309629 -1
187803483 -1
187806345 -1
187816286 -1
189142439 -1
1894784394 -1
190675401 1
1952068527 -1
195283106 -1
1993784597 1
2014444730 -1
201870894 1
202531695 1
20314536 1
205062977 -1
205479682 1
2065177207 -1
2065180079 -1
2065977948 -1
2065980424 -1
2086563667 -1
2087418245 -1
2087507418 -1
2094427959 1
2097901243 -1
2098395894 1
2102082841 1
2107790706 -1
2107792622 -1
2108616498 -1
2108767969 1
2109531512 -1
2116537922 -1
2116635302 -1
21183616 1
2126775451 1
2127659367 1
2130375772 -1
2133007098 1
2149376735 -1
2152361956 1
2153064173 -1
2155904 -1
2161781120 1
2167285434 -1
2175282415 -1
2175728763 1
218144502 -1
218144772 1
218145241 -1
218145502 -1
218145993 -1
218146060 -1
218146242 -1
218146261 -1
218146313 -1
218146936 -1
218146982 -1
2182391932 -1
2182625000 1
2186124075 -1
2186906054 -1
2186907932 -1
2190838878 -1
219429820 -1
2197821672 -1
2198437070 -1
2199042940 1
220615207 1
22072884 -1
2216061376 -1
2228816561 1
2231914654 -1
2235717378 -1
223766213 1
2242262131 -1
2243054080 1
2245873564 1
2246468202 -1
224753182 1
2247788320 -1
2249781958 -1
2250579314 -1
2253348554 1
2255898907 -1
2256691862 -1
2260336781 -1
2260572042 1
2261640731 1
2267765861 -1
2272825021 -1
2272856253 1
2273967345 -1
2275860129 1
2276619034 1
2277245492 1
2278453467 -1
2278977698 1
2281095105 1
2282236148 1
2283591887 1
2287170896 -1
228724803 1
2290474287 -1
2292074708 -1
2292156358 -1
2301363112 -1
2303476799 -1
2304912767 1
2307393086 -1
2308677734 1
2310182928 -1
2313041209 1
2314323393 -1
2317400446 -1
232215837 1
232216011 1
232216223 -1
2323591764 1
2326046470 -1
2326938471 -1
2329730884 1
2344616531 -1
2350128930 1
2351220846 -1
2361004742 -1
2362050294 -1
236254297 -1
2363754633 1
2364077589 -1
2370367437 -1
2371101503 -1
2396527833 -1
2401318260 -1
2402929177 -1
2403612074 -1
241149938 1
241364826 -1
2420212139 -1
2420222495 -1
2420227899 -1
2420230571 -1
2421022828 -1
2421024056 -1
2421024314 -1
2421026754 -1
2421039000 1
2421044276 -1
2421045092 -1
2421190875 1
2421194581 1
2421279332 1
2421837494 -1
24233547 -1
2431399829 -1
2434708979 -1
243644803 -1
243835558 1
243867180 1
2440622179 -1
2441450080 -1
2441451964 -1
2441822334 1
2446668170 1
2447147859 -1
2447153911 -1
2447958246 -1
2447968638 -1
2450082453 -1
2461246945 -1
2465766933 -1
2474754586 1
2474776707 -1
2477081165 -1
2479000236 1
2491781521 -1
2492601212 -1
2499394031 -1
250354341 -1
2515117316 1
2517515436 -1
2520076474 -1
2533313174 -1
2534712210 1
2549370228 1
255778964 -1
255829287 1
263684146 1
266208108 1
266512292 1
268073119 -1
26997748 -1
270912234 -1
270916812 -1
271478469 -1
277173720 1
278864219 -1
279233409 -1
280789848 -1
281659267 1
284118937 1
286054599 1
287791065 -1
29004987 -1
290526069 -1
290919043 1
291043820 -1
296740542 -1
297236100 1
301401098 1
30349398 1
304551701 -1
304551735 -1
308137554 -1
308166425 -1
309773530 -1
3109082 1
311477244 -1
312053999 -1
315207034 -1
320619603 1
325140427 1
331129287 -1
33469098 -1
337064784 -1
337667348 -1
338092254 1
338251431 -1
343860027 1
3443769 -1
345189015 1
351166195 1
352064602 -1
354410370 -1
355406075 -1
368507994 1
372570223 -1
374086666 -1
376513284 -1
37780132 -1
377836772 -1
378855130 -1
383717531 -1
384336829 1
385231457 -1
387269865 -1
387270449 -1
388987862 1
391054981 1
392681599 1
394282621 -1
39508666 1
402519922 1
404440989 -1
404820187 -1
405208945 -1
40672644 1
40673657 1
407234384 1
408730303 -1
410910419 -1
411864050 -1
411927678 1
413079830 -1
415012751 -1
415013307 -1
416311056 1
417821139 -1
418223930 1
420514472 -1
421381230 -1
422593294 -1
423674628 -1
42592076 -1
428060756 1
429303812 -1
429455618 -1
433446808 1
433652044 -1
433652977 -1
433653411 -1
433653782 -1
439617532 1
44066257 1
44108336 -1
443767232 -1
452827953 -1
455134405 1
4576122 1
458507800 -1
460461553 -1
462177161 -1
463492486 1
46353594 1
465080289 -1
466713856 -1
46752410 -1
471701501 -1
472832097 -1
475489307 -1
475489313 -1
47634528 -1
476996719 -1
47837317 -1
478970834 1
478988391 -1
483713586 1
486296451 -1
489564560 -1
4910289 -1
491210469 -1
49493435 -1
496210100 -1
498734490 -1
499259503 1
51869748 -1
530966991 -1
533868042 -1
533966122 1
534065373 -1
534576675 1
534713837 -1
535672712 -1
54758871 1
563288684 -1
563327554 -1
563337844 -1
563386524 -1
563481859 -1
563604769 -1
563702659 -1
563771317 -1
565366607 -1
572916761 -1
57433087 1
585139847 1
593776244 1
596101420 -1
601653775 -1
624177950 -1
64881788 -1
65025783 -1
6550520 1
666763667 -1
667625442 -1
7121639 1
71681144 -1
717579801 -1
717842839 -1
72999649 -1
75746134 -1
762865499 1
769000854 -1
788452734 -1
794990388 -1
800120387 -1
821006284 -1
825195 -1
83010041 -1
83822302 -1
846933730 -1
862009891 1
86840133 -1
883966726 -1
884520373 1
885364886 -1
885370626 -1
89497247 -1
905080267 -1
908359000 1
91264012 -1
918857481 -1
92570129 -1
934633275 1
939433730 1
94055926 -1
94055953 -1
95221172 1
957976468 -1
961278297 1
96587091 1
966416018 -1
98484710 -1
985889458 1
988012227 -1
99761746 -1
