100352074 1
1005056458 1
100962839 1
101151697 1
1018036379 1
103607134 1
104073829 -1
1044253001 1
104691909 1
1060340107 1
1072903767 -1
110529382 1
111757837 1
114874295 1
1162022434 1
1164810650 1
1165118197 -1
116783214 1
1174282483 1
11786109 1
119008837 -1
119204620 -1
120241703 1
121841865 1
12215141 1
124307712 1
1260419507 -1
1269761499 -1
1274237520 -1
1275901501 1
1294484013 1
129759885 -1
130438037 1
131309716 1
1332072587 -1
1338683103 1
1341665743 1
1343767720 -1
1346938052 -1
1365898553 1
137663610 1
138658010 1
139013887 1
141066767 1
143095308 1
1438183996 -1
1438612797 1
1449867506 1
1450295058 1
145374303 1
145582613 -1
147930086 1
1485445731 1
1503429987 1
1510089203 1
1510303958 1
1515609360 1
1524058726 1
1535177085 -1
1548635660 1
1549594871 -1
1555056974 1
156830016 -1
15839181 1
159615195 1
159757341 -1
162223658 1
163290070 1
166418552 1
166479337 1
168411820 1
168748814 -1
171964523 1
1724554882 1
172710356 1
17314854 -1
1737816864 1
176372370 1
176876646 -1
1778408254 1
179343819 1
1794488146 1
1794853273 1
1801547828 1
1807484615 -1
181439092 1
1835551614 -1
1843384470 1
185587092 1
18587178 1
1885339335 1
1886461576 1
190703197 -1
190806171 1
193406653 -1
194108546 1
194257207 1
194482742 1
197497518 1
2004674713 1
201099450 1
2035172845 1
2037097015 1
2042742816 1
204497260 1
2053487953 1
2059197797 1
2069632852 1
2074304955 1
2077391873 1
2078151580 -1
2078574933 1
2082313704 1
2082955214 1
2084018255 1
2086944177 1
208972174 -1
209825726 -1
210907433 1
2114801882 1
2114954274 1
2115285910 1
212892666 1
2144166527 1
2146211877 -1
2158210230 1
2160466770 1
2164678132 1
2167302647 1
216840829 1
2170793617 1
2174373915 1
2174961716 -1
2175485217 1
2185862480 1
2186852304 1
2188823114 1
2189140469 1
2189770486 1
2196537826 1
2197691013 -1
2199386172 1
2199642058 1
220461562 -1
2205666602 1
2207217511 1
2208959376 1
2211883804 1
2221057341 1
2221384937 1
2231424658 -1
2233320183 1
2233559882 1
2236911911 -1
224347889 -1
2243959883 1
2244729454 1
224801280 1
2250905878 -1
2251408593 1
2253744586 1
2254445057 -1
2260574851 -1
2267738166 1
2269334903 1
2271592801 1
2273687651 1
2274583802 -1
2276448266 1
2288523661 -1
2288925928 -1
2291319415 1
229497071 1
2299593518 -1
2300913654 1
2304554121 1
2307245980 1
2310153207 1
2312465347 1
2313617019 1
2315126526 1
2323065535 1
2323856709 1
2330417414 -1
2333638880 1
233628074 -1
2336623594 1
2341438449 -1
2343937599 1
2346774337 1
2348872456 -1
235502652 1
2363968069 1
2374584112 1
2379967267 1
238733545 1
2388560622 1
2388875649 1
2390276672 1
2391417062 1
2392271582 -1
2392828428 -1
2396638640 -1
2397199884 1
2397384316 -1
239990205 1
2400298787 1
2402440576 1
24054122 1
2409001111 1
2409629778 1
2410145792 1
241829549 1
2422115522 1
2428393675 1
243175845 1
2435231652 1
2438616504 1
2446552963 1
244708358 1
2447690559 1
244846011 1
244988412 1
2449921876 1
2450587045 -1
245440963 1
2455007135 -1
246838636 1
2473968700 1
2476564044 1
2477542926 -1
2489388981 -1
2497070378 -1
2497998542 1
2503546369 1
2507870259 1
2513605462 1
252585371 -1
2535699133 1
2541605537 1
2543640500 1
258830986 -1
259492077 1
26330480 1
26342671 1
263845161 1
266568714 1
268520534 1
270251782 1
272153869 1
274069530 1
27840696 1
280198773 1
281208617 1
282567441 1
283094638 1
284628782 -1
28563493 1
290145118 1
291626307 1
293186272 1
29480199 1
294929915 1
295044651 1
295241530 1
295821479 1
2974169 1
30133265 1
302704153 -1
303495384 1
306262652 1
310179182 -1
312271046 1
312514768 1
315615982 1
31685404 -1
319105258 1
321120488 1
32290401 1
325669609 1
328396872 1
328508796 1
333342134 1
336751791 -1
339496816 1
340460405 1
341058402 1
341594096 1
3435259 -1
345783213 -1
348465760 -1
349587590 1
350542786 -1
351591284 1
353438496 1
356868692 1
357387812 1
358160606 1
358586221 -1
363386174 1
368383968 1
369779518 -1
374393437 1
377075060 1
377348311 1
37781996 1
385643478 1
386108550 1
386605974 -1
386991149 1
389192098 1
390282383 1
390294297 1
394930573 -1
396136657 1
39676423 1
398319517 1
398428558 1
398995722 1
3998333 1
400061018 -1
402437496 1
402669736 -1
4039594 1
404393122 -1
407711502 1
408145276 1
408727662 -1
410122984 -1
413112347 1
415159021 1
415441217 1
415736876 1
416208121 1
4177554 -1
421388110 1
424709786 1
427975035 -1
428695976 1
42940398 1
43023640 -1
433034801 -1
43337966 1
435473040 1
437610968 1
441940209 1
443459330 1
450027610 -1
45015375 1
45488860 1
456723148 1
457502576 -1
458728619 1
459214625 1
461593855 -1
462774872 1
463627408 1
463801632 1
465208520 1
46941450 1
470065783 1
471472348 -1
474113022 1
476019038 1
487967233 1
493562792 1
499223111 -1
501287139 1
503138718 1
503827742 -1
50853924 -1
511920560 1
512728354 1
512901895 1
513754946 -1
514329875 1
518246469 -1
525949600 1
526217059 -1
526488336 1
528743733 -1
531934179 1
532011220 1
5377597 1
54026470 1
5442102 -1
544327652 1
558954654 1
560324652 1
567719944 1
573004580 -1
57881257 1
57881638 1
583894110 1
589664006 1
618521561 1
623794421 1
62425636 -1
633313624 1
65230489 -1
65496227 1
662051663 -1
679656234 -1
679967992 1
6857737 1
689306196 -1
69183046 -1
70728551 1
7141820 1
71807190 1
7276627 1
72872553 1
73941871 1
74616151 1
74841463 1
74973135 1
751340907 1
758918584 1
773553231 -1
78038346 1
78637130 -1
790755644 1
839232083 1
849991110 1
85841821 1
87102202 1
87230752 1
880184964 1
88845036 1
89654614 -1
90055038 1
90390326 -1
91672588 -1
919636151 1
92977372 1
93037486 1
93973448 -1
944616074 -1
948952651 1
952489533 1
95475525 1
957368728 1
973735743 1
9799781 1
980251659 1
98160359 1
98283058 -1
987998220 1
989708681 1
99297323 1
994936905 1
99871491 -1
998854523 1
100356428 1
1008103365 1
1012909797 -1
1021770853 1
102628008 -1
1030858746 1
103150134 1
1036410781 1
1036910092 1
1044552647 1
106089495 -1
1065659525 1
1071143356 1
10736499 -1
1083021718 1
1088341229 1
1117626775 1
111960262 1
113282501 1
1133622700 -1
114514243 1
1150747990 1
1162370931 1
117480881 1
117917239 1
1182748526 1
1189918160 1
1196621066 -1
1197688590 1
120475586 -1
120731659 1
121534561 -1
121639625 1
122141327 -1
1227362393 1
1230186 1
1236840814 -1
1240727585 -1
12676275 1
1284134751 -1
129175622 1
129495852 1
1326378434 -1
132769479 1
132792889 1
133853581 -1
134391554 1
1361961842 1
1363173017 1
137382746 1
1381842421 1
1387710204 1
1401488655 -1
1405779128 1
140851314 1
1416401303 1
142285302 1
1431649039 -1
143777311 -1
1438445609 1
145025127 1
1458621094 1
146403300 1
1467511627 1
14739416 1
147456473 1
1492271240 1
149543269 -1
14963024 1
1496949592 1
150137809 1
1504328868 1
1518935134 1
1528549514 1
1532878050 -1
153664770 1
15537893 1
156476126 -1
156529171 1
1580168607 1
158873028 1
1590215358 1
159533 1
161165735 1
161823 1
161825 1
161916027 1
1620735662 1
162986798 -1
1635632126 -1
164953907 1
16532315 1
16592169 -1
166058182 1
1664605714 1
166527949 1
167928164 1
169004920 -1
1702247213 -1
1704712369 1
1715143222 1
1718745043 -1
172139806 -1
1747904909 1
1768933298 -1
177330542 1
177955429 -1
178748054 1
1794626524 1
1798730928 1
1802169284 -1
1805170639 1
1807639637 1
1812091041 1
1814372512 1
18147105 1
1820480841 1
18471017 1
1858522631 1
1858725646 1
1860174314 1
1868061278 1
1870253988 1
1878344044 1
1882592500 1
188535394 1
189385723 1
1906578235 1
190831468 1
19149006 -1
197580004 1
1979829663 1
19854641 1
198708361 1
2037827621 1
2038660907 1
2038871559 1
2039661780 1
2040433416 1
204078242 1
2046706540 1
2048853002 1
2052081950 1
2054944365 1
2056030366 1
2060590871 1
2069957709 1
207088918 -1
2073876198 1
2076743753 1
2080049819 -1
2080976821 1
208209603 1
2083777095 1
2086931524 1
2086973599 1
2095476024 1
2098714214 1
2103664255 -1
2103918045 1
2105009992 1
2106607883 1
2110679503 1
2125549540 1
2132637532 1
213784974 1
2140972018 1
2150005493 -1
2151810671 1
2155680181 1
2159587095 -1
2162689579 -1
2164507492 1
216732255 -1
21678674 1
2174653045 -1
2183787248 1
2192596924 1
2196772075 -1
2200011865 1
2206306210 -1
2209702207 1
2212986009 -1
221476069 1
2218291724 1
2220695784 1
2224397730 -1
2225954293 1
2228068793 1
2230458035 1
2233419960 1
2234394035 1
2236871334 1
2236964622 1
2238789759 1
2241522829 1
2243153264 -1
2244194655 1
2244990340 -1
2249284768 1
2254523562 1
2257567613 1
227135455 1
2271575067 1
2275832610 1
2277112854 1
227835270 1
2279709484 1
2284577442 1
2284725154 -1
2285344852 1
228632447 1
2293318307 1
2293645765 1
22940409 1
2294765160 1
2307531994 1
2309443039 1
231222308 1
2313741578 -1
2321356266 1
2321519967 1
2323061724 -1
2331384429 1
2332123688 1
2333123989 1
2337531496 -1
2341926289 1
2342234021 1
2342567419 1
2348619960 1
2354491518 1
235884018 1
2363455728 1
2371691750 1
2380018950 1
2393694087 1
2394540423 1
2401131198 1
2403405476 1
2408182821 1
2410093404 1
2410497985 1
2410625686 1
2410993919 -1
242085775 1
2423581578 1
2424531219 1
2425067896 1
2430567020 1
2432888753 1
2435963453 1
2436984223 1
2445758094 1
2449889355 1
245078794 -1
2454415509 1
2456684949 1
2459639 1
2461847508 1
2467519466 1
2469856566 -1
2471207615 -1
2473961971 -1
2474962590 1
2478183568 1
2481156988 -1
2484572925 1
248635793 1
2495257036 1
2500460605 1
250546296 1
2512900848 1
2514290957 1
2527418861 1
2547145599 1
257297869 1
261178408 1
261600427 1
262210454 1
268893050 -1
2701521 1
271307639 1
272440216 1
276666507 1
278240419 1
281597827 1
282627825 1
282814425 1
283095900 1
283096055 1
286436040 1
28924850 1
290823689 -1
29171781 1
29245622 1
294715306 -1
294908 1
295359077 1
297061680 1
299227121 -1
3013289 1
303168020 1
30343979 1
304993699 1
306240097 1
311282220 1
311499028 -1
31157381 -1
313559031 1
313911695 1
315938424 -1
316949818 -1
317840560 1
319185504 1
319811308 1
319968979 1
325179770 1
32822235 -1
328691665 -1
332776891 -1
332869395 1
333509998 1
339875768 1
339975315 1
34107129 1
342807491 1
347786351 -1
349579217 1
350176185 1
350430924 1
353357678 1
353799053 1
359100138 1
35969916 1
359843992 1
36147533 1
36587526 -1
366070882 1
371731667 1
373292849 1
374496507 -1
37516860 1
37781998 1
377984609 1
382809592 1
383455307 1
384971876 1
385633366 1
385725943 -1
388386976 1
389864787 1
390294162 1
392267853 1
392493173 1
393659568 -1
396144219 1
396169206 1
397124489 1
397671997 1
398348188 1
399372616 1
403001134 1
403654559 -1
4046864 1
40625082 1
407821875 1
408482495 -1
409014256 1
409229788 -1
412389593 1
41260988 -1
41446308 1
414827698 -1
418081755 1
419325610 1
420961808 1
425158364 1
425761753 -1
427028965 1
428759207 1
429569882 1
429717620 -1
43159847 -1
432598565 1
435514082 1
436635368 1
439222503 1
439872034 1
4418820 1
44414521 1
445398803 1
44669119 1
450112354 1
451802662 1
455054193 1
45601043 1
456723142 1
457918425 1
45829037 1
459211336 1
461593853 -1
462775238 1
463299080 1
4645199 1
466659236 1
469322937 1
470068771 1
470304903 1
470419512 1
471075386 1
471797339 1
471861934 1
475463452 1
476832028 1
477501417 -1
481243619 -1
481478311 -1
483089126 -1
484262070 -1
485054073 1
493000548 -1
493771918 1
494106507 1
494592998 -1
495134197 1
49770482 1
499503938 1
500103139 1
500428428 1
502458897 1
504188138 1
50950096 1
509791772 1
511225888 1
512658620 1
512708662 -1
513556032 1
5136939 1
515938591 1
517918963 1
519535980 1
522216834 1
523093491 1
524008025 -1
531463060 1
533540424 1
537493379 1
540794034 1
542621602 1
5549288 -1
561122485 1
56474031 1
566340012 1
56900964 1
5775343 1
57881305 1
584177113 1
6077448 1
616570941 1
61908154 1
6233663 -1
63000361 1
633534148 1
65265768 1
653184542 -1
654698589 1
65676722 -1
65922179 1
65983741 1
66751925 -1
668278188 1
67088159 1
675925541 -1
67975972 1
69588445 1
7054201 -1
706106237 1
71151423 1
71283958 1
719687826 1
72583406 1
727663041 1
72835724 1
73980828 1
747966423 1
751619603 1
753344940 1
758496689 1
766709145 1
76940019 1
77276876 1
78004956 1
78636519 -1
79096294 1
796016957 1
817118407 1
817664714 1
8296750 1
833703518 -1
84960375 1
851071527 -1
854717907 1
86291932 1
873540526 1
876121250 1
89256011 -1
893015086 1
89484741 1
91976472 1
9364862 1
937970868 -1
93973447 -1
95117972 1
959266795 1
98218803 1
9845632 1
99193516 1
992582048 1
998811206 -1
999225341 -1
