102032411 1
102059427 1
102110034 1
102136574 1
102341691 1
102364125 1
102365340 1
102404179 1
102412150 1
102421416 1
102422393 1
102430586 1
102439234 -1
102474542 1
102481009 1
102512769 1
102519533 1
102527595 -1
102567158 1
102573101 -1
102783709 1
102963009 1
146007027 1
146045613 1
146061777 1
146088797 1
146093209 1
146094998 -1
146114929 1
146116069 1
146130964 1
146159472 1
146179664 1
146193531 1
146219859 1
146251042 1
146253247 1
146277317 1
146287566 1
146296535 1
146316575 1
146327649 1
146330184 1
146382907 1
146407863 1
146411660 1
146415597 1
146417026 1
146422659 1
146439306 1
146485750 1
146505759 1
146522282 1
146526415 1
146547371 -1
146558700 1
146570843 1
146577348 -1
146578572 1
146586376 1
146632504 1
146660212 1
146669518 1
146670268 1
146679398 1
146694748 1
146701240 1
146731872 1
146751072 1
146793606 1
146825644 1
146830973 1
146855763 1
146864290 1
146890224 1
146929436 1
146954565 1
146959679 1
146967741 1
146968082 1
146973509 -1
146976468 1
146980415 1
171026287 1
171049835 1
171091531 1
171092393 1
171100835 1
171108018 1
171138730 -1
171212782 1
171230480 1
171238636 -1
171262244 1
171278251 -1
171294511 1
171306218 1
171321326 -1
171384656 1
171393554 1
171399155 1
171426865 1
171439332 1
171445760 1
171456364 1
171464499 1
171472718 1
171490553 -1
171509300 -1
171516908 1
171533974 1
171544435 1
171586797 1
171598892 1
171611168 1
171622291 1
171638156 1
171666899 1
171686773 1
171719201 -1
171724539 1
171776036 1
171838840 -1
171867740 1
171877810 1
171939808 1
171941608 1
171969763 1
171971559 1
183009180 -1
183089124 1
183090607 1
183103952 1
183121205 1
183122743 1
183202282 1
183208212 1
183213904 1
183219751 -1
183237830 1
183276719 1
183294021 1
183311238 1
183324183 1
183324829 1
183363110 1
183409865 1
183461498 1
183466435 1
183484287 -1
183489577 1
183539626 1
183589363 1
183593192 1
183595986 1
183599033 1
183603596 1
183604377 1
183615431 1
183623972 1
183632066 1
183655268 1
183658462 1
183672433 -1
183683194 1
183692986 1
183714904 -1
183764539 1
183765697 -1
183768192 1
183787311 1
183840207 1
183843131 1
183876100 -1
183915627 1
183971774 1
183978592 1
234029178 1
234076101 1
234083393 -1
234131763 -1
234143011 1
234150972 1
234160585 1
234179048 1
234277667 1
234477140 1
234499056 1
234500538 1
234529096 1
234530955 1
234539533 1
234557398 1
234560939 1
234581024 1
234609422 1
234615359 1
234618336 1
234640629 1
234650405 1
234670405 -1
234680945 1
234689062 -1
234694411 1
234707835 -1
234722523 1
234798375 1
234807057 1
234842306 1
234875735 -1
234879596 1
234884205 -1
234901253 1
234908434 1
234919870 1
234928921 1
234952552 1
249129165 1
249131172 -1
249192613 1
249256551 -1
249310269 1
249326389 -1
249329346 1
249357206 -1
249408169 1
249432279 1
249459272 1
249512226 1
249558121 1
249585200 -1
249609969 1
249654078 1
249670431 -1
249693701 1
249696864 -1
249763903 1
249845927 1
249861296 -1
249900023 1
249907032 1
249938402 1
249977293 1
249989509 1
249998351 -1
274023513 1
274085208 1
274120657 -1
274164945 1
274187251 1
274200335 1
274217885 1
274236160 1
274274418 1
274383790 -1
274398069 1
274435275 1
274535200 1
274598767 1
274616193 1
274640540 1
274711589 -1
274726549 1
274774817 1
274845161 1
274878079 -1
274902612 1
274923050 1
274927912 1
274964206 1
274968951 1
283019285 1
283046926 -1
283048534 1
283060718 1
283196948 1
283385553 1
283442389 1
283512097 1
283553495 1
283570626 1
283653463 1
283656973 1
283730167 1
283778359 1
283873927 1
283910468 1
283959192 1
283965783 1
283977371 1
291062756 1
291171615 1
291220579 -1
291247137 1
291334786 -1
291376338 1
291412628 1
291443536 1
291454621 1
291474490 1
291589224 -1
291610872 -1
291636529 1
291657154 1
291689704 -1
291714386 -1
291717323 1
291738894 1
291839594 -1
291849831 1
291870995 -1
291875304 1
291903104 1
291929785 1
291935430 1
291944667 1
303025263 -1
303035684 1
303037573 1
303045231 1
303123409 1
303145890 -1
303206718 1
303234465 -1
303244868 1
303276743 1
303331996 1
303345266 1
303439673 1
303440034 1
303463407 1
303507262 1
303518031 -1
303519518 -1
303535128 1
303588686 1
303619450 1
303625221 -1
303647409 1
303652603 1
303776472 -1
303842528 1
303864418 1
303885181 1
303890642 -1
303904959 -1
303989391 1
311064072 1
311084409 1
311096029 1
311110629 -1
311117662 1
311327336 1
311347042 1
311360936 -1
311424648 1
311459661 -1
311471140 -1
311530645 1
311536602 1
311571158 -1
311585285 -1
311596788 -1
311714311 -1
311795469 1
311798583 1
311819107 1
311834710 1
311842715 1
311851725 1
311895756 1
325016587 1
325067939 1
325069139 1
325162521 1
325201173 1
325324610 -1
325473161 -1
325791651 1
325822547 1
325895032 1
325931386 1
325954628 1
35005878 1
35022888 1
35036557 1
35041469 1
35041606 1
35064381 1
35079688 1
35084938 1
35102121 1
35109915 -1
35174404 1
35202160 1
35207019 1
35233396 -1
35261174 -1
35267446 1
35314979 1
35386491 1
35391530 1
35398044 1
35400956 1
35407560 1
35408029 1
35423284 1
35434342 1
35442711 1
35451319 1
35460800 1
35479613 1
35489509 1
355035201 1
355127345 1
355149954 -1
355175353 1
355246245 1
355368440 1
355383386 1
355383635 -1
355445407 1
355482691 1
355501361 1
355509243 1
355511433 1
355542508 1
355580165 1
355617087 1
355684699 1
355693817 1
355736815 1
35576918 1
355797101 1
355821077 1
355831727 1
355836262 1
355857187 1
355862452 1
355909019 1
355966955 1
355972315 1
35611616 1
35623012 1
35665320 1
35692295 1
35736495 1
35751621 1
35827230 1
35830688 1
35897112 1
35910296 1
35916057 1
35922801 -1
35971130 1
35982455 1
35997981 1
54003208 1
54011497 1
54016956 1
54020497 1
54038603 1
54074632 1
54074953 1
54078022 1
54100423 1
54161261 1
54183097 1
54194400 1
54211149 1
54223564 1
54359419 1
54400999 1
54438002 1
54449980 -1
54465021 1
54514192 -1
54528554 1
54553816 -1
54590016 1
54663804 1
54687104 1
54809842 1
54819454 1
54862942 -1
54878358 1
54934427 1
54975595 1
54979837 -1
54986316 1
86110538 1
86199475 1
86295026 1
86340441 1
86383771 1
86389101 1
86458087 -1
86483794 1
86527427 1
86545200 -1
86585727 1
86597246 1
86663840 1
86665566 1
86776406 1
86854121 1
86873453 1
86904250 1
86962553 1
86979035 1
102036484 1
102059188 1
102069472 1
102118130 1
102233225 1
102240631 1
102288253 1
102342656 1
102364984 1
102366038 1
102388273 1
102405454 1
102417783 -1
102420870 1
102421684 1
102468733 1
102474800 1
102515851 1
102527531 1
102531871 1
102547312 -1
102570650 -1
102705490 1
102722566 1
102752398 1
102924804 1
102933035 1
102970284 1
146048240 1
146091445 1
146115887 -1
146130857 1
146137109 1
146158629 1
146166895 1
146248985 1
146249604 -1
146251106 1
146257853 1
146259485 1
146277144 -1
146277324 1
146294927 1
146313944 -1
146316048 1
146319823 1
146322928 1
146339655 1
146357928 1
146368985 1
146398297 1
146398558 1
146419988 1
146423687 1
146433313 1
146436366 1
146446463 1
146456274 1
146456740 -1
146460806 1
146497662 1
146505226 1
146516890 1
146532813 -1
146536423 1
146546503 1
146549106 1
146572412 1
146581424 1
146588445 1
146595167 1
146609310 1
146631863 1
146652108 1
146659237 1
146681973 -1
146746095 1
146791514 1
146815294 1
146836322 1
146854461 1
146862713 1
146865361 1
146891472 1
146906196 1
146922321 1
146928032 1
146936628 1
146955817 1
146958503 -1
146966939 1
146995014 1
171000481 1
171004142 1
171031026 1
171052470 1
171080213 1
171153685 1
171200599 1
171213103 -1
171230058 1
171256744 1
171261615 1
171268684 1
171333534 1
171348559 1
171380227 -1
171399026 1
171422029 1
171431705 1
171479273 1
171486896 1
171509292 1
171579270 -1
171586097 1
171616727 1
171715806 1
171761736 1
171837569 -1
171956540 1
171963051 1
171972470 1
171995433 -1
183010059 1
183030832 1
183036172 1
183065784 1
183114636 1
183121491 1
183131216 1
183164050 1
183222589 -1
183251529 1
183269124 1
183294542 1
183296703 -1
183331623 1
183337242 1
183342134 1
183363016 1
183396782 -1
183461418 1
183468662 1
183473085 1
183482006 1
183486331 1
183496137 1
183524519 1
183537332 1
183548400 1
183568928 1
183590941 1
183604266 1
183619836 1
183620453 1
183626897 -1
183628889 1
183655936 1
183665280 1
183676241 1
183684006 1
183689661 1
183697332 1
183741546 -1
183766595 1
183768858 1
183770859 1
183798308 1
183810276 1
183843328 -1
183910085 1
183970364 1
183973137 1
183983299 1
234004532 1
234029464 1
234060365 1
234110903 1
234124473 1
234125910 1
234132820 -1
234140411 1
234158253 1
234182297 1
234213027 1
234215582 1
234292499 1
234325650 -1
234327331 -1
234343962 1
234358436 1
234397659 -1
234421802 -1
234440028 -1
234475491 1
234510752 1
234539538 -1
234575653 1
234586345 1
234603511 -1
234619881 1
234637189 1
234661603 1
234679497 1
234683270 -1
234685874 -1
234711805 1
234716820 1
234757579 1
234763469 1
234828044 1
234890618 1
234915437 1
234918304 -1
234928846 1
234938124 1
234946959 1
234948798 -1
234950685 1
249067044 1
249181007 1
249231007 1
249295184 1
249328357 -1
249382944 1
249392892 1
249400422 1
249425728 1
249437237 1
249543090 1
249550089 -1
249586207 1
249620287 1
249644130 1
249719364 1
249763466 -1
249769696 1
249801767 1
249906839 1
249914183 1
249927692 1
249978276 1
274000527 1
274002529 1
274090922 -1
274142028 1
274165157 1
274200037 1
274218760 1
274222366 1
274383057 1
274388912 1
274395794 1
274399474 1
274485625 1
274587293 -1
274597634 1
274602031 1
274640951 -1
274648082 1
274711712 -1
274774847 1
274777298 1
274780456 -1
274787881 1
274840176 1
274898829 1
274927917 1
283084409 -1
283175983 1
283349003 -1
283350794 1
283399592 1
283469904 1
283490439 1
283555567 1
283658807 1
283711874 1
291018664 -1
291090280 1
291163971 1
291182356 1
291210827 -1
291220304 -1
291229850 1
291256595 1
291286426 -1
291301603 1
291309991 1
291311881 -1
291335351 -1
291436175 1
291521247 1
291534611 -1
291551488 1
291594950 1
291610261 1
291611723 -1
291625363 1
291642074 1
291662270 -1
291665177 1
291753318 -1
291836066 1
291849523 1
291859667 1
291994350 1
303027291 1
303068832 1
303072520 1
303087947 1
303116128 1
303159166 1
303198548 1
303205636 1
303252533 -1
303287856 1
303296955 -1
303310451 1
303430603 1
303450174 1
303470267 1
303478530 1
303506205 1
303517537 -1
303518452 1
303636959 1
303722402 -1
303738752 -1
303748962 1
303784552 1
303838634 1
303919121 -1
303923774 1
303930897 -1
311124304 1
311161864 1
311204783 1
311233141 1
311255749 1
311365716 -1
311409320 1
311421213 1
311424509 1
311430267 1
311433623 1
311445989 1
311476959 -1
311551158 1
311557304 -1
311585728 -1
311587621 -1
311592975 -1
311651379 1
311668130 1
311714197 -1
311736755 1
311771626 1
311793120 -1
311794880 1
311795478 1
311798286 1
311835228 1
311958669 1
325117609 1
325148779 1
325165827 1
325307041 1
325358393 1
325393033 1
325678923 1
325752072 1
325793552 -1
325851405 1
325909683 -1
325938135 1
325953410 1
35060939 1
35134622 1
35140486 1
35152814 1
35155768 1
35202990 1
35215542 1
35245948 -1
35282404 -1
35343800 1
35357753 -1
35386577 1
35429848 1
35464145 1
35490719 1
35501849 -1
355028290 1
35503664 1
355137663 1
355140394 -1
355144750 1
355177816 1
355210913 -1
355257207 1
355305610 1
355306328 1
355383444 1
355393395 -1
355445252 1
355461162 1
355504841 1
355541318 -1
355696595 1
355731624 1
355739136 1
355764849 -1
355771764 1
355795336 1
355832409 1
355858811 1
355965769 -1
355968668 -1
355998876 -1
35611577 1
35612060 1
35616850 1
35630593 1
35662817 1
35668342 1
35671972 1
35677042 1
35686494 1
35711962 1
35719716 1
35723972 1
35748025 1
35761718 1
35785162 1
35845849 1
35855569 1
35859314 1
35869418 1
35875955 1
35892901 1
35927532 1
54001960 1
54024404 1
54037012 1
54060750 1
54076022 -1
54135381 1
54149476 1
54154219 1
54162311 1
54217065 1
54263452 1
54265613 1
54308926 1
54349111 1
54438514 1
54450663 1
54456198 1
54495982 1
54532370 1
54567017 1
54582148 1
54602747 1
54627089 1
54632873 1
54860549 -1
54915174 1
54985077 1
86001018 1
86011142 1
86086609 1
86107619 1
86155626 1
86241895 1
86321600 1
86341526 -1
86378150 1
86381009 1
86458295 1
86584979 -1
86620699 -1
86699849 1
86777042 1
86823088 1
86869937 1
86872084 1
86873588 1
86943186 1
86956648 1
