2627712585 1
2627719031 -1
2627749553 1
2627802065 1
2627807311 1
2627810839 1
2627816725 1
2627821397 1
2627822859 1
2627832267 1
2627835241 1
2627841507 1
2627851751 1
2627853845 1
2627861331 1
2627866319 1
2627867389 1
2627871913 1
2627879079 1
2627884133 1
2627887379 1
2627888473 1
2627891519 1
2627895169 1
2627903801 1
2627905987 1
2627908583 1
2627910669 1
2627914261 1
2627915025 1
2627917709 1
2627920469 1
2627924091 1
2627926749 1
2627929269 -1
2627935941 1
2627937869 -1
2627950251 1
2627953903 -1
2627954551 -1
2627956239 -1
2627958465 1
2627960109 1
2627961669 -1
2627969963 1
2627973177 1
2627976785 -1
2627984607 -1
2627987065 -1
2627991607 -1
2627995085 1
2627996709 1
2628000435 1
2628003625 -1
2628005559 -1
2628008983 1
2628011131 1
2628017081 1
2628018853 1
2628020171 1
2628025761 -1
2628027631 1
2628033219 -1
2628037781 -1
2628038281 -1
2628040545 -1
2628047611 1
2628053317 1
2628055069 -1
2628057609 1
2628069637 -1
2628071107 -1
2628079365 1
2628110377 -1
2628131223 1
2628133681 1
2628134821 1
2628138229 -1
2628167839 1
2628176069 -1
2628184915 1
2628186643 1
2628188295 -1
2628189343 1
2628195687 -1
2628200843 1
2628203191 -1
2628206671 -1
2628208657 1
2628210557 -1
2628222189 1
2628225567 1
2628229453 1
2628230595 1
2628236543 1
2628237341 1
2628237703 1
2628239169 1
2628240687 1
2628244059 1
2628248645 1
2628252425 1
2628254909 1
2628256761 1
2628257611 1
2628258157 1
2628264963 1
2628273317 1
2628277613 1
2628278425 1
2628380671 1
2628453559 1
2628508405 1
2628526315 1
2628527025 1
2628539834 1
2628579658 1
2628579804 1
2628592561 -1
2628621972 1
2628623866 1
2628626440 1
2628630112 1
2628632380 1
2628633434 1
2628633856 1
2628636656 1
2628638862 1
2628645006 -1
2628647610 1
2628649430 1
2628651202 1
2628660316 1
2628664370 1
2628668654 1
2628678284 1
2628688308 1
2628693898 1
2628699356 1
2628702916 1
2628703608 1
2628707420 1
2628711478 1
2628715708 1
2628719098 1
2628720384 1
2628723530 1
2628726716 -1
2628733016 1
2628742506 -1
2628744920 1
2628748712 1
2628750266 -1
2628752567 1
2628754218 1
2628755474 1
2628758398 1
2628762682 -1
2628775629 1
2628780482 -1
2628782304 -1
2628788610 -1
2628790456 -1
2628793342 1
2628795952 -1
2628801024 -1
2628801507 1
2628801555 1
2628802018 -1
2628805800 1
2628809978 1
2628810932 1
2628812396 -1
2628814306 -1
2628818058 1
2628819390 -1
2628822920 -1
2628824300 -1
2628824704 -1
2628832168 1
2628833526 1
2628837536 1
2628841428 -1
2628849220 1
2628850662 -1
2628853910 -1
2628856676 -1
2628858392 -1
2628862886 -1
2628867806 1
2628868792 1
2628874714 -1
2628876894 1
2628882158 1
2628882624 1
2628889126 1
2628890966 -1
2628893114 1
2628899717 -1
2628900256 1
2628916337 -1
2628917397 -1
2628918505 -1
2628919871 -1
2628923390 -1
2628949868 1
2628950732 1
2628952412 1
2629006370 -1
2629012524 -1
2629014740 -1
2629018032 1
2629023178 1
2629026418 -1
2629035296 -1
2629045468 1
2629048048 1
2629051540 1
2629055098 1
2629059438 1
2629065400 1
2629071434 1
2629074668 1
2629075114 1
2629075550 1
2629075878 1
2629080502 1
2629086756 1
2629088896 1
2629089828 1
2629093701 -1
2629097568 -1
2629098382 -1
2629160961 -1
2629184983 1
2629282229 1
2629326151 -1
2629343174 1
2629349585 1
2629379548 -1
2629414935 -1
2629428028 1
2629561484 1
2629561566 -1
2629585682 1
2629632466 -1
2629640506 -1
2629675923 1
2629724211 -1
2629744348 1
2629745034 -1
2629767223 1
2629793639 1
2629812975 1
2629847625 1
2629869253 -1
2629881751 1
2629902403 -1
2629958696 1
2629985504 1
2630016118 1
2630123489 1
2630147558 -1
2630188725 -1
2630190597 1
2630194883 -1
2630218093 1
2630219311 1
2630257787 1
2630272372 1
2630317569 1
2630320077 1
2630320655 1
2630326665 -1
2630331681 -1
2630337075 -1
2630342477 1
2630344173 1
2630346933 1
2630347263 1
2630350707 1
2630352301 1
2630355325 1
2630363881 1
2630390615 1
2630397815 1
2630399229 1
2630400003 1
2630400485 1
2630405116 1
2630425171 1
2630428419 1
2630431473 1
2630435751 1
2630445213 -1
2630449023 1
2630460275 1
2630488903 1
2630491987 1
2630497097 1
2630501743 -1
2630503255 1
2630507449 1
2630545604 1
2630553096 1
2630560116 -1
2630586874 1
2630614780 1
2630653414 1
2630654646 1
2630656256 1
2630678959 -1
2630681364 -1
2630692986 1
2630822753 1
2630826013 1
2630830741 1
2630831031 1
2630831579 -1
2630834411 1
2630835037 1
2630836371 1
2630839237 1
2630840691 1
2630844255 1
2630847846 1
2630859285 -1
2630866307 1
2630867677 1
2630869761 1
2630871513 1
2630874885 1
2630880521 1
2630884985 1
2630888117 1
2630893689 1
2630895673 1
2630898801 1
2630902936 -1
2630926199 1
2630930658 -1
2630934007 1
2630937763 1
2630940747 1
2630943877 1
2630947933 -1
2630957279 1
2630959975 1
2630963087 1
2630983899 1
2631019906 -1
2631038014 1
2631039248 1
2631041380 1
2631138614 1
2631141040 1
2631142370 1
2631143202 1
2631145936 -1
2631146718 1
2631151972 -1
2631155472 1
2631158002 1
2631158998 -1
2631161792 1
2631164828 1
2631165188 1
2631166056 1
2631169208 1
2631171722 1
2631172480 1
2631173690 1
2631174948 1
2631179268 1
2631198667 1
2631212334 1
2631218101 1
2631219838 1
2631221030 1
2631224740 1
2631228745 -1
2631232893 -1
2631240347 1
2631252174 1
2631257016 1
2631258083 1
2631260746 1
2631264031 1
2631266664 -1
2631283130 -1
2631290562 1
2631314952 1
2631315919 -1
2631321801 -1
2631327334 -1
2631423993 -1
2631443169 1
2631499336 -1
2631525502 1
2631581903 -1
2631641005 1
2631645220 1
2631647978 1
2631651102 -1
2631652064 1
2631655524 1
2631658426 1
2631660216 1
2631665630 1
2631668788 1
2631671846 1
2631675152 1
2631680350 1
2631686444 1
2631690870 1
2631697038 -1
2631697978 1
2631705864 1
2631713482 1
2631716624 -1
2631722230 1
2631725066 -1
2631728914 1
2631736364 1
2631741576 1
2631752502 1
2631757818 1
2631760390 1
2631765386 1
2631769060 1
2631772936 1
2631776792 1
2631779370 -1
2631783436 1
2631786980 1
2631791436 1
2631803430 1
2631823032 1
2631851687 1
2631854940 -1
2631982513 1
2632009037 -1
2632044234 1
2632076858 1
2632084712 1
2632086004 1
2632086568 1
2632104268 1
2632142632 -1
2632144654 -1
2632153456 -1
2632158590 -1
2632161786 -1
2632188786 1
2632228842 1
2632260080 1
2632270352 1
2632340122 -1
2632479271 1
2632486981 -1
2632500255 -1
2632522461 1
2632562671 -1
2632600583 1
2632676368 1
2632686309 1
2632700346 1
2632722871 -1
2632871554 -1
2632891766 -1
2632942087 -1
2632976907 1
2632980799 1
2632982247 1
2632990345 1
2632992877 1
2632997623 1
2632998541 1
2633004310 1
2633102967 -1
2633138429 -1
2633160226 1
2633179851 1
2633265446 1
2633300450 1
2633300534 1
2633304563 1
2633362800 1
2633385910 -1
2633495500 1
2633654662 1
2633768532 1
2633808222 1
2633810880 -1
2633824528 1
2633826082 1
2633956252 1
2634010496 -1
2627715645 -1
2627738963 1
2627773747 1
2627803341 1
2627810385 1
2627812849 1
2627817665 1
2627822023 1
2627828133 1
2627833701 1
2627839839 1
2627842185 1
2627853417 1
2627857213 1
2627861983 1
2627866715 1
2627868411 1
2627875083 1
2627880375 1
2627884929 1
2627887683 1
2627889021 1
2627892579 1
2627898843 1
2627903989 1
2627907633 1
2627908809 1
2627912203 1
2627914517 1
2627915565 1
2627918281 1
2627922623 1
2627926215 1
2627927057 -1
2627931249 1
2627937855 1
2627947289 -1
2627952463 -1
2627954379 -1
2627954799 -1
2627957663 1
2627958993 1
2627960963 -1
2627965191 -1
2627970795 1
2627973823 1
2627982619 -1
2627985147 -1
2627989113 1
2627993067 -1
2627996557 1
2627999871 1
2628001323 -1
2628003739 -1
2628008235 1
2628009491 -1
2628016361 -1
2628017407 1
2628019547 1
2628020515 1
2628027163 1
2628030241 1
2628033593 -1
2628037943 -1
2628040033 -1
2628042773 1
2628047967 1
2628054181 -1
2628055993 -1
2628062699 1
2628070395 -1
2628074073 1
2628081051 1
2628109939 1
2628131145 1
2628132909 1
2628133859 -1
2628134905 1
2628148983 -1
2628175417 -1
2628184725 1
2628185211 1
2628187857 -1
2628188687 -1
2628192337 -1
2628197675 1
2628202425 -1
2628203869 1
2628207245 -1
2628209967 1
2628213687 -1
2628223249 1
2628226749 -1
2628230351 1
2628232679 1
2628237135 1
2628237599 1
2628238467 1
2628239415 1
2628243777 1
2628246547 1
2628250121 1
2628254309 1
2628256545 1
2628256959 1
2628257967 1
2628261199 1
2628269217 1
2628274541 1
2628278053 1
2628279379 -1
2628382797 -1
2628504547 1
2628511108 -1
2628526355 1
2628537996 1
2628561143 -1
2628579762 1
2628580119 -1
2628619708 1
2628623538 1
2628624368 1
2628628092 1
2628631960 1
2628632696 1
2628633594 1
2628635450 1
2628637820 1
2628643908 1
2628647088 1
2628650584 1
2628656228 1
2628663428 1
2628665716 1
2628677750 1
2628685016 1
2628687612 1
2628693529 -1
2628694236 1
2628702294 1
2628703142 -1
2628705696 1
2628709262 1
2628714036 1
2628716616 1
2628719262 1
2628721222 1
2628724520 1
2628729744 1
2628734150 1
2628743744 -1
2628748076 1
2628749602 1
2628752194 1
2628752599 -1
2628754592 1
2628756758 1
2628761526 1
2628772160 -1
2628778550 1
2628781486 1
2628786111 1
2628789946 -1
2628793092 -1
2628794702 1
2628797618 1
2628801230 -1
2628801531 1
2628801571 1
2628804214 -1
2628809376 -1
2628810506 1
2628811072 1
2628812774 -1
2628817742 1
2628818576 1
2628821696 1
2628823402 -1
2628824496 -1
2628830972 -1
2628832606 1
2628834136 -1
2628839880 1
2628843046 -1
2628849698 1
2628852996 1
2628856364 -1
2628857952 1
2628861484 -1
2628867060 1
2628868386 -1
2628873772 1
2628876372 1
2628878740 -1
2628882484 1
2628884018 1
2628889870 -1
2628892908 1
2628895826 1
2628899920 1
2628915759 -1
2628917137 -1
2628917669 -1
2628919848 -1
2628920458 1
2628949776 -1
2628950274 1
2628951040 -1
2628960872 1
2629009794 1
2629014164 1
2629017388 -1
2629022194 -1
2629025794 1
2629034898 -1
2629040620 1
2629046638 1
2629049206 1
2629050636 1
2629054054 1
2629059186 1
2629063214 1
2629067188 1
2629073982 1
2629074964 1
2629075218 1
2629075800 1
2629076042 1
2629086234 1
2629087594 1
2629089100 1
2629091598 1
2629096852 1
2629098190 -1
2629124434 -1
2629161413 -1
2629199915 1
2629331851 1
2629343287 -1
2629379156 -1
2629392312 -1
2629421992 1
2629550052 1
2629561514 -1
2629585570 1
2629621565 1
2629632700 -1
2629655611 1
2629669409 1
2629707554 1
2629739548 -1
2629744816 1
2629749217 1
2629781519 1
2629841879 1
2629868747 1
2629878481 -1
2629883263 -1
2629923745 1
2629978234 -1
2630010102 1
2630069675 -1
2630145015 1
2630147838 -1
2630189031 1
2630192181 -1
2630196475 1
2630218949 1
2630242350 1
2630270040 1
2630317451 1
2630319901 -1
2630320271 1
2630323493 1
2630327423 1
2630336035 -1
2630341137 1
2630342703 1
2630345225 1
2630347029 1
2630350087 1
2630352247 1
2630354707 1
2630355575 1
2630381912 -1
2630390669 1
2630399037 1
2630399567 1
2630400357 1
2630401791 1
2630417299 -1
2630426605 1
2630429667 1
2630432915 -1
2630440007 1
2630445373 -1
2630459755 1
2630467367 -1
2630490467 1
2630495989 1
2630499290 -1
2630502635 -1
2630504687 1
2630518816 1
2630550959 1
2630558725 1
2630570670 1
2630653078 1
2630653912 1
2630656068 -1
2630671956 1
2630679967 1
2630683768 -1
2630818243 1
2630824309 1
2630827025 1
2630830793 1
2630831475 1
2630832879 1
2630834551 1
2630836347 -1
2630837243 1
2630840593 1
2630841763 1
2630846675 1
2630858647 1
2630862579 1
2630866711 -1
2630868633 1
2630870527 1
2630874369 1
2630877393 1
2630883917 1
2630887351 1
2630892551 1
2630894207 1
2630898679 1
2630902709 1
2630917100 -1
2630926751 1
2630931481 -1
2630937459 1
2630938527 1
2630941167 1
2630945569 1
2630956936 1
2630958431 1
2630961731 1
2630983027 1
2631008750 1
2631020650 1
2631038368 -1
2631041214 1
2631137132 1
2631138906 1
2631141610 1
2631142492 1
2631145644 1
2631146122 1
2631147250 1
2631152328 1
2631156424 1
2631158820 1
2631159262 1
2631163914 1
2631165020 1
2631165576 1
2631169058 1
2631171186 1
2631172062 1
2631173426 1
2631174328 1
2631175484 1
2631182734 -1
2631211756 1
2631213412 1
2631219309 -1
2631220558 1
2631221720 1
2631224945 1
2631230462 -1
2631238778 1
2631247820 1
2631257001 1
2631257404 1
2631260098 1
2631262587 1
2631265735 1
2631267541 1
2631284122 -1
2631314072 1
2631315508 -1
2631318562 1
2631321118 1
2631324636 1
2631353199 1
2631433955 1
2631449519 1
2631520480 -1
2631566612 1
2631581961 1
2631638522 -1
2631643545 1
2631646736 1
2631648492 1
2631651862 1
2631654776 1
2631656232 1
2631659940 1
2631663554 1
2631668206 1
2631669738 1
2631672846 -1
2631678544 1
2631681620 1
2631690716 -1
2631694076 1
2631697236 1
2631698662 1
2631707700 1
2631714712 1
2631721644 1
2631724888 1
2631727510 1
2631733046 1
2631739314 1
2631745706 1
2631753174 -1
2631758292 1
2631764812 1
2631765710 1
2631771188 -1
2631773748 -1
2631778330 1
2631781100 1
2631785850 1
2631789310 1
2631792064 1
2631805160 1
2631851497 1
2631852589 1
2631998528 1
2632018457 -1
2632054977 -1
2632075992 1
2632077304 1
2632085754 1
2632086416 1
2632089738 1
2632133026 -1
2632144548 -1
2632146036 -1
2632156406 -1
2632161194 -1
2632171330 -1
2632211590 1
2632246488 1
2632263822 -1
2632331182 1
2632351344 1
2632479345 1
2632497166 -1
2632501637 -1
2632546292 1
2632576884 -1
2632660536 1
2632682061 1
2632691571 -1
2632711322 1
2632887119 1
2632939153 1
2632948926 1
2632980465 1
2632981746 1
2632988573 1
2632990501 1
2632996609 1
2632998225 1
2633001917 1
2633012741 1
2633082956 -1
2633102919 -1
2633119641 -1
2633155048 1
2633179673 1
2633182115 1
2633252284 1
2633291723 1
2633300506 1
2633300558 1
2633331202 -1
2633364026 1
2633398745 1
2633582856 -1
2633654764 1
2633797972 1
2633810192 1
2633819716 1
2633825220 1
2633923056 -1
2633997368 1
2634159606 1
