100623299 1
1020039107 1
1030440042 -1
103127275 1
1063654893 -1
106962945 1
107501257 -1
1079995033 -1
1080849676 -1
1087444165 -1
1087453993 -1
1087484507 -1
1088340896 -1
1088348164 -1
1088357844 -1
1088361292 -1
1091734585 -1
109993463 -1
109997168 -1
111100963 1
1114482745 -1
112583124 1
1133220076 -1
113336519 -1
115035186 1
1159669805 -1
1162630585 -1
116911108 -1
1172604224 1
117392638 -1
1176463765 -1
117943020 -1
1185209117 -1
1196655808 1
1198816952 1
1204302994 -1
120568623 1
1210354024 -1
1233422044 1
1242169304 1
1252447390 1
12529313 1
1268915380 -1
129401055 -1
131019956 -1
1321107235 1
1322170787 -1
1326201161 -1
1326936700 1
1335408507 -1
1338923364 1
1349737935 -1
1351416593 1
136221132 -1
1381222486 1
13816856 -1
1382019171 1
1382157575 -1
1382888104 -1
1382891552 -1
1383053946 1
1387439279 -1
1388983221 -1
1394071566 -1
1405299175 -1
1415304806 -1
1417409414 1
1425148308 1
1430026465 1
1431298572 1
1443690379 -1
144471891 -1
1454187197 1
145623393 -1
14583516 -1
1458386725 -1
1461448229 1
146339019 1
1464565970 1
14685033 1
1479244103 1
147998263 1
148908146 1
1490536844 -1
1497426989 1
150143283 1
150249450 -1
1511325550 -1
1512071504 1
151226294 -1
151733159 -1
1520170769 1
1562671736 -1
157184390 1
160359733 -1
1606673262 -1
161819692 -1
1618661286 1
1621112127 1
163133051 1
1642477072 1
1680195865 1
1695202195 1
1714993033 -1
1716317793 -1
172067109 1
172067112 1
172173295 -1
172524972 -1
1752037565 -1
1756775207 -1
1769692116 1
1778237910 -1
1780401705 -1
178780382 -1
178999141 1
180834789 1
1812508873 -1
183428518 1
185262165 -1
185379085 1
187672263 1
1882511983 -1
1893166197 -1
190092499 -1
192119884 -1
1922188442 1
197916283 -1
198029091 1
198029138 1
1983575203 -1
1985881797 -1
2018487360 -1
201926145 1
2032793650 -1
2046937315 -1
20505183 1
20507270 1
2054928996 -1
2056402991 1
2057588321 1
2058467548 1
2060753927 -1
207403244 -1
2075375908 -1
2076130781 -1
2076614954 -1
2079419098 -1
2087814068 1
2089995176 -1
2099601245 1
2102286004 -1
2102649152 1
2109311871 -1
2111091835 -1
2119751433 1
2126967953 -1
2144899154 1
214701149 1
21490290 -1
2163377280 -1
2164909032 -1
2165132983 -1
2168961849 1
217441591 1
217780684 1
2177939379 1
2178782444 1
2179163654 -1
2179827750 1
2180744363 -1
2180813709 1
2182006306 -1
2182710025 -1
2183805241 -1
2187375501 -1
2193628104 -1
2195056177 -1
2197147132 1
2199917605 -1
2205362375 -1
2206757226 -1
2206757248 -1
2209114504 1
2221356000 -1
2222722183 1
2224247849 -1
2226798098 -1
222761097 1
2238219621 -1
2239554206 1
2241564854 1
2242206011 1
2242206025 1
2244321336 -1
2253276639 1
2258589019 1
2258593173 1
226001076 1
2263941586 -1
2267239141 -1
2270781715 1
2272623492 -1
2272852998 -1
2277217438 1
2277560794 -1
2278452822 -1
228080209 -1
2284068457 -1
2284839288 -1
2285690676 1
22873978 1
2289073591 -1
2292152250 1
229383664 -1
2294364897 -1
2302432349 -1
2304434557 1
2305786288 1
2308034323 -1
2311090411 1
2312215404 -1
2314560653 -1
2317398731 -1
2317858052 1
2318538435 -1
2319500366 1
2322192935 1
2325055789 1
2325070643 -1
2328519199 -1
232970848 -1
2333013611 -1
2334644661 -1
2335452923 -1
2336299568 1
2337645669 1
2344203212 -1
2345073675 1
2347499668 1
2348544351 -1
2358789032 1
235935425 1
2361816927 -1
2363753433 -1
2366824987 -1
2366954431 -1
23695008 1
2371355269 1
237183400 1
2372717690 -1
2384535946 -1
2387583255 -1
2388054776 -1
2391625012 -1
2399278593 -1
2401278808 1
240608095 -1
2406943424 -1
2408099827 1
2409434298 -1
241141142 1
2411536178 -1
2417222836 1
2419145937 -1
2421580418 -1
2422861949 -1
242362059 -1
242446250 -1
243030537 -1
243254896 1
2433020496 -1
2433351484 -1
2434837734 -1
2435031776 -1
24360456 1
2436548719 -1
2437638489 1
2437837209 -1
2444107701 -1
2444981581 -1
2452295545 -1
2458386900 1
2460087444 -1
2468973224 1
2473071160 -1
2473997407 -1
2475282367 -1
2476094974 -1
2477483315 -1
2477483697 -1
2477484259 -1
2478295400 -1
2478295842 -1
2478296270 -1
2479697645 -1
2481953591 -1
2494863866 1
2502656051 -1
2504771806 -1
250563391 -1
2505816930 -1
2507616016 -1
2512574886 -1
2514132250 1
2515405248 1
2517665134 -1
2527442727 1
2530858523 1
2533186545 1
2533875995 1
2535396529 -1
2535431513 -1
2537765153 1
2539142 -1
2540382175 -1
2546198480 -1
2548040642 1
254939505 -1
264871261 -1
267489184 1
267604791 -1
268845248 -1
27204145 -1
272120710 -1
272428336 -1
273747787 1
27392344 -1
275973751 -1
276631837 -1
276703836 1
277134901 1
280537320 -1
282649394 1
288825384 -1
288982492 -1
289337574 1
293459491 -1
297018594 -1
297102305 -1
297690891 1
298708831 -1
298975605 -1
299218717 -1
300300993 1
304935756 1
305005628 -1
311988070 1
314037810 -1
314409989 -1
315667088 -1
317442205 -1
319815921 -1
320828947 -1
326080848 -1
326255200 -1
328164556 1
330257162 -1
335036719 1
336164875 -1
33929910 1
342950648 1
344170354 -1
347810909 1
350928313 1
352528991 -1
353849893 -1
353922821 -1
360544476 -1
360783314 1
365890891 -1
366390335 1
367541320 1
369086360 -1
369442491 1
375499979 -1
377431579 1
377636129 -1
377820235 -1
381493284 1
382380345 -1
382661879 -1
384226015 1
384352593 -1
391996588 -1
393422334 -1
39363842 -1
39392506 -1
396934109 1
400532794 -1
405009790 -1
405058034 -1
407178492 1
409185279 1
410246872 -1
412013978 -1
412720165 -1
413353896 -1
414612578 -1
414870935 1
416058105 -1
417984680 -1
418048717 -1
418224879 1
418300691 -1
419648154 -1
432248954 -1
432291006 -1
432736903 1
43857559 -1
440400504 -1
441014664 1
442385080 1
451576221 -1
454165971 -1
456989606 -1
457004953 -1
465065471 -1
467992994 -1
468275380 -1
469680191 -1
471433460 -1
481197345 -1
482481748 1
482490459 1
483980685 -1
491583213 -1
493107104 -1
494037217 -1
494643245 -1
495992654 1
498729623 1
498763609 -1
502390964 -1
505544007 -1
506811205 -1
511811341 1
512554883 1
515053592 1
523230505 -1
523605633 1
526104462 1
527164574 1
528572738 1
528573634 1
53074006 1
535510704 -1
536744695 1
537339128 1
540081620 1
540191229 -1
541744340 -1
54372698 1
553533581 1
569537465 1
580301137 1
59641069 1
59785483 -1
601285720 -1
60151018 1
603469028 1
6079064 1
621252538 -1
632453509 -1
632811625 1
642866335 1
64895994 1
65405882 -1
65409280 -1
65919651 -1
66762708 -1
669182006 -1
68507661 1
68653245 -1
6976035 1
707664482 -1
70834600 -1
70910720 -1
71495546 -1
738478828 1
74009040 -1
76049181 1
774057258 -1
7782933 1
78596819 -1
7882479 1
793464815 1
79976332 1
8082381 -1
817369458 -1
821195288 -1
82848197 1
831479355 -1
832893828 -1
834672520 1
83762996 -1
838920910 -1
84715873 -1
854569726 -1
85516983 1
865064425 1
86866151 -1
874806819 -1
876700643 -1
89546867 1
90195866 -1
915153585 -1
93043359 -1
935998022 -1
939441269 -1
952983072 1
96103795 1
97040150 -1
97849524 -1
99236745 1
100533055 -1
101755897 1
1018687600 -1
1036613334 -1
103794593 -1
1038278980 -1
1039983871 -1
104759417 1
1060212437 1
1087447091 -1
1088328346 -1
1088356560 -1
1088359886 -1
1095493977 -1
109779151 1
113917379 1
116021362 1
116374749 1
116811165 -1
1174060356 -1
1199807943 -1
1223005705 -1
1232840245 -1
1233449068 1
1233757612 -1
124229081 -1
1268053341 1
1268917882 1
130509106 1
1310361435 -1
1315666876 1
1320911903 -1
132431616 1
1331949917 -1
1353106776 -1
1358233 -1
136221133 -1
136536445 -1
1382019253 1
1382891182 -1
1382914202 1
1383053774 1
1387442733 -1
138965675 1
1391309291 -1
1425148300 1
1430452383 -1
1431270948 1
1435013610 1
1444352537 -1
144784296 1
1458379131 -1
146210334 1
1465711785 -1
147060435 -1
1471270289 1
148227641 -1
1490181408 1
1491255731 -1
1502070879 -1
1511527274 1
151224168 -1
1517114577 1
1519644375 1
153560686 -1
1540928785 -1
1541787214 -1
1545696081 -1
1554674192 -1
1567679103 1
1572102359 -1
158344637 1
1589394111 1
163227082 1
1641625235 1
1654140265 1
166908135 1
167024146 -1
167073559 1
170348995 -1
170641403 -1
172067111 1
1748760736 -1
1751859 1
17539086 -1
1756992991 -1
1761938490 -1
1776248681 -1
177937397 -1
178788399 1
183420160 1
1876624025 -1
1876768693 -1
1876950949 -1
187723713 -1
188850614 1
1904310740 1
1907876003 -1
191371488 1
1933981618 -1
193883283 -1
1940229366 -1
198029065 1
198029100 1
199133665 -1
1995383137 -1
201924440 1
2031174202 1
2036312022 1
204509056 -1
2049249875 -1
205114940 -1
2054383870 1
2055324410 1
2056401403 1
2057557172 -1
2059063441 -1
2061161149 -1
2065939254 1
206892323 -1
2073621050 -1
2074279340 1
2075738201 1
2077067264 1
2079419124 -1
2084473155 -1
2087749944 -1
2088522465 1
2093686486 -1
210074304 1
2101498427 -1
2102273432 -1
2104868565 1
210798508 -1
2110203017 -1
2111251425 -1
2112707912 -1
2113716302 -1
2116895474 -1
2119249213 -1
2128166068 -1
212936846 1
2130704067 1
213483135 -1
2144104195 -1
2153963830 -1
216536572 -1
2167132940 -1
2168955261 -1
2169121041 -1
2169930210 1
2171607369 -1
2171925881 1
2179546406 1
2181885723 -1
2184063939 -1
2185824500 1
218885066 1
2190674113 1
2194997863 -1
2195794119 -1
2199464342 1
2199632404 1
2204166982 1
2205431573 -1
2206757220 -1
2206757242 -1
2209413429 1
221413839 -1
221858015 -1
2227470358 1
2227801845 -1
2230200584 -1
2233560659 1
2233804955 -1
2239655271 1
2240243694 1
2242206007 1
2242206015 -1
2244552574 -1
2248011310 1
2250106648 1
2253276785 1
2254843106 -1
2256617892 1
2258591865 1
2262737136 1
2263942366 -1
2271701072 -1
2272476370 -1
2286715241 -1
2286843381 -1
2288900967 -1
2289071563 -1
2291019070 1
2292154126 1
2292775777 -1
2292929652 -1
2309875105 -1
2316616851 1
2318690125 1
2320947041 -1
2324759834 1
2330375469 -1
2333352909 -1
2333803188 1
2334175762 -1
2335449397 1
2335467127 1
2336283580 1
2338848436 -1
2344952658 -1
2347000822 -1
2348094594 -1
2349634932 -1
2352538975 1
2365170477 -1
2367727348 -1
23695007 -1
2371468185 1
2376679001 -1
2378219243 1
2383121443 -1
2384052042 -1
2384534950 -1
2385924844 -1
2386279031 -1
2387329887 -1
2387391229 -1
2390516227 1
2392352673 1
2394423885 -1
2398994209 -1
2409487171 -1
2409667507 -1
2411752606 1
2416797125 1
2417538269 -1
241835067 1
241972174 -1
2422828336 -1
2425711875 -1
2429368402 -1
243179754 -1
2434847518 -1
2437703202 -1
2437978951 -1
2439620117 1
2449754353 -1
2455083447 -1
245722091 -1
2458432242 1
2459176794 1
2464404637 1
2475277985 -1
2475283299 -1
2476094406 -1
2476099440 -1
2477483565 -1
2477483903 -1
2477484333 -1
2477638911 1
2478295806 -1
2478296066 -1
2479697693 -1
2480181114 1
248070246 1
2485407131 -1
2487985403 1
249889780 -1
2509150558 1
2510824578 -1
2512530441 -1
2520877435 -1
2521700524 1
2522018496 -1
2526071167 -1
2527443321 1
2529720378 1
2531890866 -1
254116979 1
255155360 -1
25593082 -1
260043345 1
2601379747 -1
261697809 -1
261965763 -1
262413877 -1
263730746 -1
266168711 -1
269637655 1
27019692 1
272683194 -1
27358292 -1
275267788 -1
278622345 -1
279744585 1
280833184 -1
28579735 -1
288107297 -1
288982181 -1
293459297 -1
293967308 -1
294107687 -1
295694407 -1
295941335 1
298711339 -1
299113438 -1
299516195 -1
303329999 -1
304730427 1
3118858 1
315667085 -1
315667091 -1
317946290 -1
324692005 1
328341352 1
328832113 -1
336552625 -1
337329281 1
33924775 1
341831595 -1
344139875 -1
349866132 -1
35003623 -1
355154666 1
358900353 1
3633633 1
369685358 -1
370878583 -1
371169698 -1
377281563 -1
377431634 1
377643932 1
379649286 1
382069563 -1
385926723 -1
386092027 -1
387539316 1
389242534 1
391442127 -1
393393304 1
394359051 -1
396331695 -1
398239206 1
400282338 -1
404245842 -1
4066173 -1
407502558 -1
408698856 -1
417541848 1
417794008 -1
417984630 -1
418048712 -1
418234926 1
419493757 1
423619141 -1
424609326 1
428694108 1
432282445 1
432784613 1
436131458 1
437208292 1
438112073 1
440997981 -1
44547767 -1
447028738 -1
447947708 -1
44976626 1
450709472 1
451407270 1
453335534 1
456989640 -1
457050448 -1
457190628 1
458368245 -1
461424671 1
461775800 1
465428197 -1
465555395 1
469420441 -1
469680183 -1
472215809 1
473854054 1
476206154 -1
477567469 -1
480835631 1
481909792 1
482490227 1
482490663 1
485218011 -1
487630081 1
490360748 1
491583261 -1
495861901 -1
499363548 -1
499700779 1
501455620 -1
502914866 -1
503814040 1
50392677 -1
512232950 -1
512979616 1
513903082 1
515052266 1
516726862 -1
516841099 -1
52156461 1
526291557 -1
528573286 1
528608405 -1
528658615 1
531796219 -1
53511440 1
53992818 -1
540108936 -1
540186157 -1
540219213 -1
543754397 -1
558152307 -1
559132573 -1
566974069 1
56958071 -1
582494954 1
59785597 -1
60149014 -1
621564769 1
632874847 -1
639744191 1
65405881 -1
65407962 -1
674858092 1
677900009 -1
67817585 -1
67963447 -1
68610711 -1
68971495 -1
6976023 1
698312282 -1
70482908 -1
707664278 -1
70772251 -1
714186945 -1
73862061 1
747165411 1
747572744 -1
74997416 1
75124415 -1
76415623 1
7782944 1
77943696 1
78119929 1
7835892 -1
792358410 -1
801415589 -1
805503273 -1
81344261 1
82157769 -1
82848198 1
829162184 1
834966600 -1
83899189 -1
84712337 1
84715915 -1
848805502 -1
852673082 -1
85329489 -1
854439537 -1
85887615 -1
860932709 1
86171484 1
87092595 -1
87191003 -1
874806519 -1
874807051 -1
89777407 -1
91904766 1
92202731 -1
92674413 -1
930577060 -1
942940666 1
946380 -1
978461744 -1
987337681 1
99008138 1
