2629050544 -1
2693103563 1
2693672773 1
2693684016 -1
2693712616 -1
2693833810 -1
2694095462 1
2694191306 -1
2694211170 -1
2694243393 -1
2694759297 -1
2694817163 -1
2694817925 -1
2694940937 -1
2694944261 -1
2694985128 -1
2695219868 1
2695315546 -1
2695330695 -1
2695395855 1
2695637164 -1
2695680101 1
2695759236 -1
2695760354 -1
2695762062 -1
2695919005 -1
2695992793 1
2696092556 1
2696341226 1
2696504337 -1
2696799385 -1
2697021111 -1
2697223513 -1
2697351065 -1
2697381791 -1
2697455359 1
2697499955 -1
2697566634 1
2697907030 1
2697963572 -1
2698045354 -1
2698201454 -1
2698263735 -1
2698281830 1
2698327854 -1
2698331342 -1
2698399529 -1
2698448023 -1
2698565732 -1
2698581790 -1
2698619130 -1
2698651936 -1
2698662112 -1
2698790755 -1
2698791973 1
2698792595 -1
2698793077 -1
2698793809 -1
2698793921 -1
2699096799 1
2699206705 -1
2699475505 1
2699483471 1
2699488303 1
2699552012 1
2699560656 1
2699606366 -1
2699606794 -1
2699608784 -1
2699609558 -1
2699610248 -1
2699683836 -1
2699869315 -1
2699924707 1
2700051010 -1
2700095067 1
2700140127 1
2700153840 -1
2700216701 1
2700300634 1
2700312005 -1
2700323863 -1
2700352715 -1
2700371877 1
2700473044 -1
2700544275 -1
2700866752 -1
2701035700 -1
2701056348 1
2701072243 -1
2701105431 1
2701166828 -1
2701180279 -1
2701272656 -1
2701292539 -1
2701486899 -1
2701518903 -1
2701630571 -1
2701696077 -1
2701817683 1
2701873240 -1
2701881560 -1
2702105522 -1
2702246964 -1
2702251564 1
2702344296 -1
2702435266 -1
2702454422 1
2702713467 1
2702783353 -1
2703282048 1
2703378485 -1
2703391415 -1
2703408863 -1
2703420085 -1
2703437355 -1
2703579685 -1
2703659016 -1
2703920136 1
2704024403 1
2704029589 -1
2704141785 -1
2704174810 -1
2704215596 -1
2704235216 -1
2704311029 1
2704638425 -1
2704770577 1
2704805682 -1
2704848614 1
2704852532 -1
2704887176 1
2705119707 -1
2705242411 1
2705565584 -1
2705697843 1
2706641162 -1
2706652178 -1
2706677034 -1
2706707663 -1
2706709473 -1
2706876686 -1
2707094229 -1
2707097233 -1
2707098633 -1
2707099311 -1
2707100973 -1
2707137593 -1
2707323725 -1
2707523704 -1
2707600964 1
2707873611 1
2707876107 1
2707912626 -1
2707915530 -1
2707959511 -1
2708511092 1
2708840867 -1
2709225943 1
2710025785 1
2710140199 -1
2710190487 -1
2710459954 -1
2710465077 -1
2710978555 -1
2711005148 -1
2711022398 -1
2711110955 -1
2711201075 1
2711203440 1
2711361592 -1
2711499343 -1
2711572881 1
2712019879 -1
2712020495 -1
2712082656 1
2712481383 1
2712482551 1
2712524141 -1
2712648263 -1
2712649245 -1
2712649671 -1
2712651587 -1
2712829848 -1
2712832066 -1
2713070006 1
2713105797 -1
2713295962 -1
2713462278 -1
2713464012 -1
2713464850 -1
2713465118 -1
2713578782 -1
2713643833 -1
2713938151 -1
2713993921 1
2714175137 -1
2714205041 -1
2714241853 -1
2714399660 -1
2714452145 -1
2714764276 1
2714872671 1
2715149003 -1
2715534891 -1
2715570152 1
2715852054 1
2716568269 -1
2716637570 1
2717026826 -1
2717050560 1
2717253158 1
2717373662 1
2717566587 -1
2718021746 1
2718094958 1
2718180950 -1
2718182278 -1
2718273558 -1
2718592395 -1
2718594849 -1
2718596173 -1
2718733682 -1
2718834139 1
2718952295 1
2719040902 1
2719414500 -1
2719416442 -1
2719431554 -1
2719668367 1
2719775292 1
2719799934 -1
2720299459 1
2720438622 -1
2720474298 1
2720491174 1
2720986086 -1
2721006090 -1
2721232455 -1
2721269488 -1
2721314104 -1
2721498295 -1
2722042628 1
2722076262 1
2722166717 1
2722219520 1
2722606931 -1
2722787210 1
2722878657 -1
2723003632 1
2723190516 -1
2723454854 -1
2723727029 -1
2723810667 -1
2723900823 1
2723903210 -1
2724035713 1
2724385431 1
2724531412 -1
2724633837 -1
2724671029 -1
2724854624 1
2724922068 1
2725142679 1
2725457058 -1
2725536515 1
2725647831 -1
2725697291 1
2725742685 -1
2725896319 -1
2726192163 -1
2726458553 1
2726482547 -1
2726488645 -1
2726568012 -1
2726771767 -1
2726776079 -1
2726781073 -1
2726927543 1
2726928313 1
2726929333 -1
2726968131 -1
2727006190 -1
2727058584 -1
2727234992 -1
2727270764 -1
2727282556 -1
2727594100 -1
2727596658 -1
2727598924 -1
2727605890 -1
2727628587 -1
2727792690 -1
2727793474 -1
2727916277 1
2727940485 1
2727968287 1
2728073090 1
2728196494 -1
2728262404 -1
2728556877 -1
2728602911 1
2728721425 -1
2728751592 1
2728776416 1
2728787124 1
2728803520 1
2728849076 -1
2728883275 1
2729143294 1
2729319101 1
2729602389 1
2729972608 1
2730105689 1
2730293365 -1
2730559478 1
2730655313 -1
2730821328 -1
2730981551 -1
2731123800 -1
2731502151 1
2731524938 -1
2731641931 -1
2731810151 1
2731861406 1
2731956729 -1
2732057966 -1
2732058172 -1
2732135757 1
2732177237 -1
2732179419 -1
2732182563 -1
2732326034 -1
2732331768 -1
2732366427 -1
2732651071 -1
2732654497 -1
2732690647 -1
2732791695 1
2733005132 -1
2733006686 -1
2733011996 1
2733012366 -1
2733012950 -1
2733140831 -1
2733147961 -1
2733186542 1
2733388703 -1
2733491510 -1
2733515979 -1
2733918041 -1
2733971024 -1
2733977722 -1
2734079029 1
2734148207 1
2734392089 1
2734569480 -1
2734583207 -1
2734813494 1
2734970220 1
2735038034 -1
2735262634 -1
2735535363 1
2735932177 1
2736076867 -1
2736105907 -1
2736204942 1
2736215675 -1
2736394711 1
2736444694 -1
2736498473 -1
2736748809 -1
2736787886 -1
2736994398 -1
2737411839 -1
2737454893 1
2737591909 -1
2737593045 -1
2737597095 -1
2737600409 1
2737660011 -1
2737672238 -1
2738429874 -1
2738517401 1
2738815932 1
2739016741 1
2739020735 1
2739140246 -1
2739345432 1
2739457757 1
2739733995 -1
2739897847 -1
2739986572 -1
2740030353 1
2740292030 -1
2740296816 -1
2740298810 1
2740344843 1
2740420569 -1
2740502187 -1
2740512517 -1
2740564341 -1
2740718006 -1
2740745519 -1
2741122940 1
2741433814 -1
2741656049 -1
2741670665 -1
2741839655 -1
2741892746 1
2742613009 1
2742787279 -1
2742788455 -1
2742788949 -1
2743010700 -1
2743266850 -1
2743574765 -1
2743626852 -1
2743627338 -1
2743629360 -1
2743629718 -1
2743630560 -1
2743998524 1
2744159455 -1
2744186238 -1
2744465659 -1
2744570476 -1
2744600318 -1
2744666432 1
2744685709 1
2745378168 -1
2745671345 -1
2745934119 -1
2745952844 -1
2746128183 1
2746444279 1
2746569559 1
2746578329 1
2746693236 1
2746720930 -1
2746958906 -1
2747051596 -1
2747285638 -1
2747579338 -1
2748324433 -1
2748342837 1
2748512931 -1
2748530953 1
2748620853 1
2748652848 -1
2748750042 -1
2748840194 1
2748945205 -1
2748997045 -1
2749000171 -1
2749002231 -1
2749005949 -1
2749007951 -1
2749010089 -1
2749015633 -1
2749020641 -1
2749023144 1
2749031639 -1
2749036379 -1
2749053299 1
2749511822 -1
2749830990 -1
2749831486 -1
2749833558 -1
2749834744 -1
2749838688 -1
2749841196 -1
2749842020 -1
2749847818 -1
2749848516 -1
2749849092 -1
2749851812 -1
2749853086 -1
2749854016 -1
2749857160 -1
2749861854 -1
2749863744 -1
2749864288 -1
2749870006 -1
2749873496 -1
2749873954 -1
2749888798 1
2749969794 -1
2692859791 -1
2692903759 -1
2693069881 -1
2693504815 -1
2693847850 -1
2694094172 1
2694210340 -1
2694217805 -1
2694321083 -1
2694443044 -1
2694503139 -1
2694678941 -1
2694816693 -1
2694817397 -1
2694824073 -1
2694940675 -1
2694941893 -1
2694944725 -1
2695012217 1
2695291821 -1
2695353419 -1
2695428684 1
2695637310 -1
2695682793 1
2695759526 -1
2695799270 1
2695895888 -1
2696107072 -1
2696267289 -1
2696496004 1
2696608929 -1
2696712156 -1
2696794082 -1
2696803467 1
2696814702 1
2696853594 -1
2697012812 -1
2697020953 -1
2697021309 -1
2697085187 1
2697369465 -1
2697425266 -1
2697458865 1
2697503793 -1
2697809374 -1
2697840926 -1
2697905996 1
2698038151 -1
2698187432 -1
2698262967 -1
2698267172 -1
2698325942 -1
2698328356 -1
2698415923 1
2698762015 -1
2698790515 -1
2698791937 1
2698792687 -1
2698793113 -1
2698794009 -1
2698794667 -1
2699247762 1
2699349028 -1
2699447787 1
2699476413 1
2699484733 1
2699537971 -1
2699553435 -1
2699606402 -1
2699607008 -1
2699608046 -1
2699609072 -1
2699609678 -1
2699610318 -1
2699869309 -1
2700298785 1
2700301176 1
2700337071 1
2700380928 -1
2700421694 -1
2700577789 -1
2700831104 -1
2701049758 1
2701071811 -1
2701077615 -1
2701285619 1
2701293285 -1
2701326520 -1
2701465855 -1
2701477224 1
2701512051 -1
2701569911 -1
2701637969 1
2701880652 1
2702004479 -1
2702018210 -1
2702037972 -1
2702107680 -1
2702250434 -1
2702255118 -1
2702272472 -1
2702284102 -1
2702431188 -1
2702445822 -1
2702468382 1
2702641635 -1
2702965907 -1
2703186810 -1
2703360724 -1
2703369697 -1
2703539724 1
2703766912 -1
2703870253 -1
2704088644 -1
2704228758 -1
2704570062 1
2704848286 1
2704850195 1
2705005215 1
2705139978 1
2705226237 -1
2705262282 -1
2705437515 1
2705581066 -1
2705609011 -1
2705803173 1
2705820576 -1
2705851951 -1
2706329207 -1
2706434001 1
2706468249 1
2706506064 -1
2706519846 1
2706538006 -1
2706546142 -1
2706650748 -1
2706704729 -1
2706708393 -1
2706710619 -1
2706712254 1
2706725931 1
2707050114 1
2707094377 -1
2707098269 -1
2707098849 -1
2707141528 -1
2707331639 -1
2707523394 -1
2707527788 -1
2707872633 1
2707909158 -1
2707915322 -1
2708247624 -1
2708509250 1
2708726334 -1
2709137834 1
2709586430 1
2709658677 -1
2709834110 -1
2710100279 -1
2710164279 -1
2710391325 1
2710461846 -1
2710469795 -1
2710751918 1
2710983360 -1
2710991045 1
2711027674 -1
2711203252 1
2711539476 -1
2711566295 1
2711572887 1
2711781612 -1
2712020129 -1
2712043528 1
2712085660 1
2712482097 -1
2712649059 -1
2712652159 -1
2712759650 -1
2712831550 -1
2712832498 -1
2713294352 1
2713295390 1
2713296918 1
2713461350 -1
2713462318 -1
2713462786 -1
2713464122 -1
2713464982 -1
2713466868 -1
2713640875 -1
2713649674 -1
2713992661 1
2714001358 -1
2714195891 -1
2714237983 -1
2714489309 1
2714771094 -1
2714869837 1
2715022040 -1
2715075284 -1
2715825797 1
2716348094 -1
2716566873 1
2716569575 1
2716620924 -1
2716944542 1
2717140986 1
2717381262 1
2717566025 -1
2718032661 1
2718179894 1
2718181596 -1
2718220823 1
2718386222 -1
2718590557 -1
2718593221 -1
2718595243 -1
2718776010 1
2718952649 1
2719411498 -1
2719415744 -1
2719416900 -1
2719440285 1
2719468423 1
2719536505 1
2719775038 1
2719775958 1
2720308256 1
2720409625 -1
2720435727 -1
2720442797 -1
2720490620 1
2720613553 1
2720640125 -1
2720738653 1
2720776134 1
2720800560 1
2720819817 -1
2720850445 1
2720917065 1
2721003768 -1
2721070030 -1
2721211858 1
2721283648 -1
2721380703 -1
2721794623 1
2721800562 -1
2721895120 -1
2722067004 -1
2722205860 -1
2722650389 -1
2722689541 -1
2722709010 1
2722810587 -1
2723001896 1
2723118794 1
2723377794 -1
2723474180 -1
2723722446 1
2723861318 -1
2723901817 1
2723907201 1
2724031593 1
2724139352 1
2724273806 -1
2724305448 -1
2724577683 -1
2724664822 -1
2724730220 1
2724929279 -1
2724989262 -1
2725140168 1
2725194031 1
2725563242 1
2725651867 1
2725740743 1
2725742901 -1
2725894502 -1
2725913709 -1
2726021895 -1
2726076378 1
2726471750 -1
2726484863 -1
2726535695 -1
2726574128 -1
2726770945 -1
2726772879 -1
2726777565 -1
2726928099 1
2726928647 -1
2726930543 -1
2727249340 -1
2727386932 -1
2727450761 1
2727598400 -1
2727605416 -1
2727793258 -1
2727801765 1
2727804195 1
2727811277 1
2727885075 1
2727979941 1
2728550261 1
2728734276 1
2728763582 1
2728778822 1
2728798614 1
2728879352 -1
2728912982 -1
2729011158 1
2729128734 -1
2729163447 -1
2729337471 1
2729449297 -1
2729525678 1
2729604036 1
2729966600 1
2729978120 1
2730185879 -1
2730222346 -1
2730969097 -1
2731124562 -1
2731414378 1
2731495983 -1
2731502245 -1
2731653806 -1
2731735915 -1
2731854642 -1
2731948928 1
2732057884 -1
2732058048 -1
2732067793 -1
2732150433 1
2732175443 -1
2732178109 -1
2732179789 -1
2732182309 -1
2732327836 -1
2732351939 -1
2732640759 -1
2732652717 -1
2732675437 -1
2732998108 1
2733005386 -1
2733009464 -1
2733012280 -1
2733012846 -1
2733140737 -1
2733144551 -1
2733157231 -1
2733196712 -1
2733291680 1
2733388967 -1
2733474470 -1
2733975946 -1
2734077534 -1
2734107675 -1
2734148999 1
2734504868 1
2734578957 -1
2734921243 -1
2735023313 -1
2735085394 1
2735262858 -1
2735415682 -1
2735516859 1
2735548913 1
2735751447 1
2736124561 -1
2736169105 -1
2736214995 -1
2736253171 -1
2736365229 1
2736385776 1
2736414289 -1
2736485433 1
2736531044 -1
2736559180 1
2736775988 1
2736821494 1
2736930554 -1
2737064149 -1
2737248958 1
2737451144 1
2737470643 -1
2737507275 1
2737591641 -1
2737592775 -1
2737593629 1
2737597159 -1
2737665787 -1
2738044152 -1
2738426824 -1
2738438552 1
2738494243 1
2738833840 -1
2738961834 1
2739224502 1
2739462931 1
2739612981 1
2739690511 1
2739768205 -1
2739872309 -1
2740059935 -1
2740293034 1
2740298084 1
2740343797 1
2740345603 1
2740435505 1
2740507415 -1
2740736104 1
2740758508 -1
2740790794 1
2740852319 -1
2741135272 1
2741171057 -1
2741178486 1
2741258286 -1
2741319126 -1
2741403823 -1
2741514754 1
2741670171 -1
2741709375 1
2741840007 -1
2742063747 1
2742247409 -1
2742378487 -1
2742409183 -1
2742528381 -1
2742614647 1
2742716373 -1
2742787399 -1
2742788691 -1
2742790007 -1
2742900292 1
2743010702 -1
2743551869 -1
2743626028 -1
2743627116 -1
2743627684 -1
2743629550 -1
2743630032 -1
2744221485 -1
2744401814 -1
2744478110 1
2744543275 -1
2744679429 1
2744789558 -1
2745956346 -1
2746112699 -1
2746127985 1
2746129591 -1
2746179034 1
2746308086 -1
2746520624 1
2746691648 1
2746894483 1
2747262762 1
2747375565 1
2747613558 -1
2747954349 -1
2748243965 -1
2748336684 1
2748341962 1
2748513379 -1
2748654839 -1
2748675455 -1
2748751835 -1
2748850399 1
2748996015 -1
2748998557 -1
2748999663 -1
2749000521 -1
2749004209 -1
2749006257 -1
2749008133 -1
2749015215 -1
2749019407 -1
2749021695 1
2749024023 -1
2749030297 -1
2749036943 -1
2749214366 1
2749226240 -1
2749355832 -1
2749496506 -1
2749502306 -1
2749754158 1
2749830268 -1
2749831328 -1
2749832000 -1
2749833784 -1
2749835870 -1
2749839736 -1
2749844762 -1
2749848406 -1
2749848870 -1
2749849668 -1
2749852532 -1
2749853820 -1
2749856124 -1
2749861506 -1
2749862804 -1
2749863912 -1
2749869024 -1
2749870724 -1
2749873752 -1
2749874924 -1
2749889468 1
569383944 -1
