102024174 -1
102066088 1
102123284 1
102171229 -1
102194226 -1
102203290 -1
102232047 1
102246044 1
102249880 -1
102289583 1
102328085 1
102333299 1
102338641 1
102351972 -1
102433949 -1
102480252 -1
102484480 -1
102485643 1
102487860 1
102491861 1
102503297 -1
102508678 -1
102554423 -1
102562414 -1
102577044 1
102634146 -1
102658865 -1
102676252 -1
102680352 1
102680881 -1
102686618 1
102691363 1
102698087 -1
102701914 1
102713730 1
102714316 -1
102827930 -1
102828022 -1
102831968 1
102832508 1
102842494 1
102842860 1
102843312 1
102911556 1
102923076 -1
102930577 -1
102935729 -1
102958238 -1
102969178 -1
102971600 -1
102977718 -1
146016995 -1
146028193 -1
146049658 -1
146054725 1
146097576 1
146134174 -1
146137799 1
146163903 1
146183282 -1
146235185 -1
146321905 -1
146356189 -1
146399085 1
146437883 1
146451499 1
146503199 1
146510553 -1
146588647 -1
146622568 1
146646937 -1
146649428 1
146742361 -1
146784609 -1
146792822 1
146845377 1
146884104 1
146912867 -1
146974869 -1
146975888 -1
146977642 -1
146978383 -1
171021978 1
171051572 -1
171190243 -1
171251984 1
171287435 -1
171331029 -1
171336400 -1
171348535 1
171366173 1
171380894 1
171442120 -1
171571138 -1
171577665 -1
171578658 1
171626989 1
171705445 -1
171708125 -1
171715736 1
171731167 -1
171731525 -1
171732435 1
171738331 -1
171751492 1
171758056 1
171936660 1
171958853 -1
171997583 1
183017120 -1
183027936 1
183035209 -1
183046806 -1
183154126 -1
183218916 1
183246958 -1
183250104 -1
183298355 -1
183341569 1
183351118 -1
183355012 1
183361327 1
183362574 1
183364771 1
183506811 -1
183529027 1
183579807 1
183608763 -1
183614442 1
183637833 -1
183702545 1
183751499 1
183751776 -1
183778732 1
183822338 -1
183894502 -1
183956655 1
183982652 1
234010687 1
234094410 1
234096408 1
234110879 1
234111852 1
234118771 -1
234139520 -1
234200155 1
234207074 -1
234237233 1
234255360 1
234273911 1
234276482 1
234281045 1
234349276 1
234366032 -1
234406983 1
234410186 -1
234504727 1
234506300 -1
234517179 1
234556007 1
234658988 -1
234760704 -1
234769689 1
234790309 1
234803467 1
234856717 -1
234858785 -1
234892846 -1
234895342 1
234930250 1
234932618 1
234960730 -1
249022972 1
249111191 1
249125443 -1
249238714 -1
249253357 1
249443924 1
249451019 1
249452629 -1
249465666 1
249528949 1
249543133 1
249549178 -1
249577877 -1
249601530 1
249680965 -1
249739554 1
249870179 -1
249881633 -1
249902432 -1
249918498 -1
249953180 -1
249975025 1
274016812 1
274054265 1
274054964 1
274139566 -1
274140464 -1
274142375 -1
274153767 1
274220070 -1
274239076 -1
274252664 1
274255515 -1
274321103 1
274355117 1
274424657 1
274437756 1
274474533 1
274490063 1
274522893 1
274540088 -1
274541323 -1
274574957 -1
274596219 -1
274596774 -1
274599304 -1
274601422 1
274606129 -1
274627652 1
274640318 1
274674841 -1
274690553 -1
274722180 1
274776250 1
274792689 -1
274833802 1
274849504 -1
274857404 -1
274921539 -1
274931430 -1
274952637 1
274960965 1
283067463 1
283161610 -1
283215189 -1
283220736 -1
283407285 -1
283407966 -1
283438142 -1
283489253 -1
283503714 1
283531722 1
283563482 1
283567647 1
283568327 1
283591016 -1
283656436 -1
283680625 -1
283713272 -1
283728676 1
283761680 -1
283782337 -1
283805130 -1
283838593 1
283862790 1
283994265 -1
291001992 1
291027280 -1
291052574 1
291088175 -1
291117061 -1
291120840 -1
291123879 -1
291135393 -1
291142976 1
291153170 -1
291165553 -1
291215644 1
291281509 1
291289784 -1
291312817 -1
291316831 -1
291360924 -1
291554471 -1
291576801 1
291579339 1
291620216 1
291640992 1
291693579 1
291697360 -1
291705368 -1
291707826 1
291731962 -1
291808689 -1
291827096 -1
291852409 1
291933841 1
291971798 -1
291972034 -1
291973011 1
291985100 -1
291999497 1
303010054 1
303011330 1
303027497 -1
303029672 1
303061534 1
303076011 -1
303104932 1
303214265 -1
303315353 -1
303317918 1
303349714 1
303380108 -1
303436471 1
303437853 1
303471292 -1
303510610 -1
303510801 -1
303511196 -1
303527242 1
303574973 1
303614525 1
303623450 -1
303629720 -1
303634765 1
303719074 -1
303773324 -1
303832834 -1
303893154 -1
303925003 -1
303928589 -1
303932477 -1
303954200 1
311034892 -1
311051340 1
311082103 1
311086508 -1
311346670 -1
311351614 -1
311356640 1
311379144 1
311429508 -1
311432052 1
311440640 1
311493028 1
311548413 -1
311592377 1
311697461 -1
311748447 1
311755928 1
311809106 1
311822413 1
311993961 1
325311413 -1
325319657 -1
325393701 1
325399915 -1
325405664 1
325775256 1
325788123 -1
325793216 1
325848200 1
325921194 1
325937754 1
325949242 1
325962728 -1
325994753 1
35083410 -1
35087462 -1
35141508 1
35199511 -1
35277746 -1
35281027 -1
35285603 -1
35298756 1
35303579 1
35304228 -1
35312263 1
35330330 -1
35357145 -1
35437340 1
35440224 1
35455363 -1
35479927 -1
355010403 1
355024784 -1
355040556 1
355077527 1
355113889 1
355139771 1
355188194 -1
355217982 1
355220589 1
355317419 1
355321405 -1
35535611 -1
355394743 -1
355409687 1
35541507 1
355447380 1
355558320 -1
355652932 1
355700539 1
355734751 1
355749741 -1
355772473 1
355869112 1
355876578 1
355902334 1
355957801 -1
355959220 -1
355959583 -1
355987915 -1
35601840 -1
35659726 -1
35768302 -1
35769289 -1
35774242 -1
35805608 1
35849439 -1
35892425 1
35902898 -1
35937248 1
54001525 -1
54062425 1
54103436 1
54107964 1
54140504 1
54154045 1
54154640 1
54227786 -1
54262300 -1
54262327 1
54267235 -1
54310355 -1
54311168 -1
54353486 1
54373609 1
54379578 -1
54458076 1
54504974 1
54530070 1
54533076 1
54582510 1
54633679 -1
54672711 1
54691055 1
54691847 -1
54698621 -1
54745089 -1
54892634 1
54979837 -1
86015340 1
86069340 1
86128643 1
86130433 1
86140302 -1
86145207 1
86154211 1
86190074 -1
86220678 1
86321087 -1
86345825 -1
86403563 -1
86446037 1
86463138 1
86501000 1
86565225 1
86590651 1
86634099 1
86701943 1
86763734 -1
86783338 -1
86789518 -1
86791375 -1
86792384 -1
86795994 1
86805203 -1
86814184 -1
86898417 1
86913951 1
86930218 -1
86958325 1
86958552 -1
86972497 -1
86985511 -1
102058277 -1
102080804 -1
102122978 1
102123636 1
102155885 1
102165375 -1
102174129 -1
102194222 1
102212133 -1
102214544 -1
102227680 1
102275836 1
102296099 1
102318549 1
102332232 1
102335362 -1
102353466 1
102411990 -1
102456051 -1
102508503 -1
102524900 1
102561224 1
102593846 -1
102612238 -1
102633986 -1
102650614 1
102653126 1
102679236 1
102680391 1
102689245 -1
102699553 -1
102712622 1
102721513 1
102766857 -1
102791985 -1
102806203 1
102810739 -1
102827990 1
102832468 1
102832554 1
102842550 1
102878472 1
102880404 1
102882320 -1
102911912 1
102948304 -1
102968856 -1
102988834 1
146016266 1
146049808 1
146056417 1
146069086 -1
146106336 1
146114605 -1
146118403 -1
146132525 1
146146116 1
146190148 -1
146312189 -1
146327850 -1
146435775 1
146467721 1
146501586 1
146507716 1
146523723 -1
146544691 1
146624834 -1
146626030 1
146648233 -1
146742094 1
146785940 -1
146902333 -1
146925291 -1
146968809 1
146974738 -1
146974932 -1
146977810 -1
146978363 -1
171051346 -1
171109788 -1
171145594 -1
171181456 1
171189449 1
171191321 1
171223624 1
171337843 -1
171374528 -1
171381110 -1
171458062 1
171460062 -1
171498878 -1
171538951 -1
171561505 -1
171564885 1
171567198 -1
171571547 -1
171596008 1
171644148 1
171660636 1
171666659 1
171677503 -1
171731140 -1
171731199 -1
171731605 -1
171737866 -1
171739629 1
171743166 1
171744708 -1
171830724 -1
171897190 -1
171955428 -1
171965888 1
183025480 -1
183026709 1
183032829 -1
183039246 -1
183042451 -1
183047475 1
183087671 1
183112387 -1
183115352 1
183216375 -1
183246386 -1
183249632 -1
183250225 -1
183298911 -1
183351161 1
183352254 -1
183353706 1
183357547 -1
183364409 1
183392793 -1
183428495 -1
183432221 -1
183492980 -1
183509146 1
183611757 1
183711753 -1
183739033 -1
183896251 -1
234046042 1
234090991 1
234094045 -1
234094840 1
234096399 1
234097681 1
234107934 1
234110174 1
234113163 1
234117550 -1
234174626 1
234204241 1
234245386 1
234275827 1
234300694 1
234407524 1
234505164 1
234516749 -1
234517781 -1
234613913 -1
234623491 1
234626886 -1
234643193 -1
234668177 -1
234739335 1
234775021 1
234794622 1
234799661 1
234800466 1
234805905 -1
234879487 -1
234896932 1
234932620 1
234943130 1
234958186 1
249146701 1
249201561 -1
249245590 1
249266915 1
249295544 1
249310920 -1
249415071 1
249440504 -1
249448244 1
249465988 1
249466060 1
249479912 1
249484482 1
249486035 -1
249509967 -1
249514373 -1
249525348 1
249561661 1
249588021 -1
249618687 1
249630439 1
249642074 1
249869818 -1
249952656 1
249965786 -1
249985854 1
274055060 1
274068121 -1
274112198 1
274138531 1
274150293 -1
274341427 -1
274370564 -1
274377631 1
274457511 1
274482437 -1
274518777 -1
274537620 -1
274540779 -1
274540843 -1
274541342 -1
274560500 1
274594363 -1
274599264 -1
274600907 1
274608693 1
274609852 1
274622595 1
274627719 -1
274640341 1
274660419 1
274671390 1
274672995 -1
274694986 1
274700066 -1
274836926 1
274857395 -1
274858689 -1
274996152 1
283162024 -1
283165118 1
283185287 1
283196734 -1
283203029 1
283216496 -1
283238882 -1
283248565 1
283261711 1
283300900 1
283398263 -1
283407197 -1
283407748 -1
283433185 1
283434088 1
283444658 -1
283448332 1
283489016 1
283515127 -1
283539700 -1
283567588 -1
283569396 1
283576786 -1
283591495 -1
283656432 -1
283656437 1
283753339 -1
283805632 -1
283820376 -1
283837644 -1
283862765 1
283862825 1
283898182 -1
283905627 -1
291002914 1
291004269 1
291026164 1
291027444 -1
291054277 1
291064080 -1
291092981 1
291122015 -1
291134963 -1
291136364 -1
291166909 1
291332785 1
291346484 -1
291361740 -1
291412716 1
291490533 1
291572228 1
291579777 1
291589598 1
291619775 -1
291650312 1
291690192 1
291700077 -1
291702770 -1
291707520 1
291708013 1
291710839 -1
291715654 -1
291731015 -1
291780888 1
291801961 -1
291827547 1
291833271 1
291833366 1
291851093 -1
291971391 -1
291971967 -1
291972956 -1
291974522 1
291984995 -1
291988465 -1
291992291 1
291998510 1
291999665 1
303010541 -1
303039543 -1
303048340 -1
303051844 1
303071903 -1
303075826 -1
303180386 -1
303214182 1
303315349 -1
303343943 -1
303363864 1
303421290 1
303460318 1
303509077 1
303510662 -1
303511007 -1
303511597 -1
303526075 -1
303526941 1
303612139 -1
303619590 -1
303623080 -1
303629173 -1
303674044 -1
303696758 -1
303737214 -1
303760257 1
303799027 1
303853845 1
303925007 -1
303932836 -1
303982002 -1
311025118 1
311034708 -1
311056135 1
311064103 -1
311075904 1
311080181 1
311083153 1
311114306 -1
311209188 1
311346630 -1
311346834 -1
311351721 1
311356950 -1
311441222 1
311506552 1
311583916 -1
311601047 -1
311630373 -1
311754614 1
311815420 -1
311898761 -1
311991800 1
325034356 -1
325058655 -1
325232753 -1
325329556 -1
325355393 -1
325376002 1
325387224 1
325397840 -1
325412270 -1
325470993 1
325537646 1
325557234 -1
325586875 1
325781766 1
325787657 -1
325788873 -1
325804329 -1
325813965 -1
325869119 -1
325959539 1
325978148 -1
35033086 -1
35036657 1
35081399 -1
35108790 1
35120387 1
35148790 -1
35158876 1
35216994 -1
35237787 -1
35273050 1
35277787 1
35292661 1
35303263 -1
35303676 -1
35304822 -1
35310210 1
35311690 -1
35314925 1
35316158 1
35391542 1
35393697 1
35407954 1
35446911 1
35479875 1
355113044 -1
355165653 -1
355188444 1
355205886 1
355222355 -1
355312361 1
355325739 -1
355331903 1
355336129 1
355373442 1
35541835 1
355422071 1
35542919 -1
355444491 -1
355446757 -1
355466185 -1
355748558 1
355755030 1
355792464 -1
355807022 1
355819953 -1
355821017 -1
355874949 -1
355884999 1
355907497 1
355958275 -1
355959542 -1
355962148 1
35596305 -1
35604618 1
35687228 1
35697459 1
35727417 1
35768436 -1
35848339 -1
35849401 1
35902895 1
35937085 -1
35952663 1
35992334 -1
54050342 1
54070844 1
54120659 -1
54128734 1
54153257 1
54156251 1
54228310 -1
54262322 1
54267262 -1
54310753 -1
54353908 1
54454601 1
54516853 1
54556443 -1
54561671 1
54563376 -1
54634910 1
54690729 -1
54691227 -1
54699572 1
54750972 1
54808847 1
54838706 1
54941676 -1
86159324 -1
86159507 1
86190141 -1
86217437 -1
86221545 1
86300948 1
86320153 1
86373202 1
86545435 1
86573783 1
86613846 1
86666564 1
86681125 1
86763039 1
86789919 1
86791903 -1
86800437 1
86814215 -1
86847706 1
86858928 -1
86898224 -1
86899044 -1
86904988 -1
86919701 1
86923963 -1
86958478 -1
86959447 -1
86973937 1
