2493351642 1
2496072173 -1
2497523338 -1
2497523908 -1
2497867793 -1
2498295939 -1
2499123538 -1
2499124614 -1
2499125082 -1
2499354524 1
2499609302 1
2499688107 -1
2499690089 -1
2500369208 1
2501818376 -1
2502399105 -1
2502423113 -1
2503263626 -1
2503860748 -1
2504353441 -1
2505108229 -1
2505965090 1
2506397643 1
2506485770 1
2507406428 1
2507501421 -1
2509045213 1
2509165537 1
2509414595 1
2509512144 1
2510611152 1
2510755888 1
2510938757 1
2512364811 -1
2512641845 -1
2513454782 -1
2514045718 -1
2514195595 -1
2514247759 -1
2514417239 -1
2515019916 -1
2515072642 -1
2515623073 1
2516132170 1
2517306659 1
2517740234 1
2518176610 -1
2518732305 -1
2518913931 1
2519197051 -1
2519734861 -1
2519742753 -1
2520556886 -1
2520559854 -1
2521168087 -1
2521536255 -1
2521685199 -1
2521687751 -1
2522132316 1
2522361532 -1
2522511388 -1
2524935491 -1
2526288409 1
2526752013 1
2526754073 1
2527122452 1
2528008529 -1
2528094553 -1
2528189373 -1
2528524637 1
2528818462 -1
2528900918 -1
2528910358 -1
2529204097 1
2529297991 1
2529495803 -1
2529544795 1
2530079832 1
2531849266 1
2532127530 1
2533448696 -1
2534360878 1
2535870045 -1
2535960443 -1
2536020049 -1
2536081547 -1
2536161749 -1
2536217759 -1
2536218569 -1
2536218767 -1
2536219395 -1
2536738094 -1
2536763971 -1
2536777722 -1
2536777936 -1
2536837752 -1
2536926542 -1
2536941048 1
2536980454 -1
2537036352 -1
2537037324 -1
2537342282 1
2540012765 1
2540186026 -1
2540187414 -1
2540204811 -1
2540998986 -1
2541025404 -1
2541026360 -1
2543980091 -1
2543987229 -1
2544803626 -1
2544816214 -1
2545757380 1
2546370422 1
2546809499 1
2547944935 -1
2548600813 -1
2548602533 -1
2548671040 1
2548876190 -1
2549294519 -1
2549791064 -1
2550457635 1
2550941084 1
2551662818 1
2552360199 -1
2552361553 -1
2552594534 1
2552636235 1
2553179892 -1
2554414176 -1
2554727981 -1
2555320994 1
2555472998 1
2555843239 -1
2556332713 1
2556588907 -1
2556720573 1
2557620170 -1
2557640963 1
2557666603 -1
2558468160 -1
2558535764 -1
2559384463 -1
2560189332 -1
2561850689 1
2562552621 -1
2563301441 1
2563493379 1
2563803672 -1
2563975094 -1
2564322755 1
2564368768 1
2564810606 1
2566568279 -1
2566641557 -1
2567391454 -1
2567472234 1
2568304067 -1
2568729903 -1
2569555432 -1
2570239349 1
2570530321 1
2571228542 1
2571728955 -1
2572712957 -1
2573435206 -1
2574046002 -1
2574226519 -1
2575145626 -1
2576200277 1
2576268412 1
2576634167 -1
2576666851 -1
2576864679 1
2577036468 1
2578779095 1
2578840465 -1
2578840853 -1
2578841117 -1
2578967220 1
2579667596 -1
2579667798 -1
2579668862 -1
2579670146 -1
2579670512 -1
2579672240 -1
2581638406 1
2582979786 -1
2583762006 1
2583900385 -1
2584459851 1
2584964201 1
2587669229 -1
2587671807 -1
2587672173 -1
2587676605 -1
2587678599 -1
2587688231 -1
2587691815 -1
2587695003 -1
2587698973 -1
2587699893 -1
2587701903 -1
2588049891 -1
2588059427 -1
2588505784 -1
2588516456 -1
2588519228 -1
2588521242 -1
2588523004 -1
2588704678 1
2588887332 -1
2590231576 1
2590778314 -1
2590999487 1
2596669737 -1
2596906648 -1
2597684163 -1
2598263525 -1
2599854592 1
2599856060 1
2600495905 1
2601321160 -1
2604227284 1
2604828363 -1
2604830249 -1
2604835457 1
2605181467 -1
2605668838 -1
2607295784 1
2607789005 -1
2607862539 1
2608428531 -1
2608628250 1
2608872165 -1
2608873465 -1
2609703876 -1
2609704218 -1
2609704414 -1
2609705372 -1
2610366494 1
2611574517 -1
2611764401 -1
2611857101 -1
2611858915 -1
2611859817 -1
2611862183 -1
2611865277 -1
2611869017 -1
2611870499 -1
2611871025 -1
2611872777 -1
2611874023 -1
2612085788 1
2612406032 -1
2612691176 -1
2612693934 -1
2612695066 -1
2612696128 -1
2612697066 -1
2612697938 -1
2612705684 -1
2612706372 -1
2612707432 -1
2612708340 -1
2612708722 -1
2613423956 -1
2617038050 1
2617713790 1
2618720332 1
2619131995 -1
2619133157 -1
2619135009 -1
2619954846 -1
2619956444 -1
2619957224 -1
2619957986 -1
2619958674 -1
2621601279 -1
2621628163 -1
2621645211 -1
2621718861 -1
2621758855 -1
2622041441 1
2622105810 1
2622418910 -1
2622433020 -1
2622448644 -1
2622479890 -1
2622518796 -1
2622571158 1
2622602818 -1
2622966090 -1
2623449561 1
2623968850 1
2624067331 -1
2624870900 1
2624892284 -1
2625267531 -1
2625877188 -1
2626839334 1
2630107304 1
2631320547 1
2631582693 1
2632056289 -1
2632806112 -1
2633729478 1
2635136628 1
2636991326 1
2637872554 1
2639392334 1
2639804317 1
2642309775 -1
2642337837 -1
2643155340 -1
2643177556 -1
2644903350 1
2645335293 -1
2645765052 1
2646167630 -1
2646184032 -1
2647844770 1
2649430810 -1
2649904578 -1
2650493940 -1
2650917797 -1
2650920681 -1
2650921041 -1
2650922171 -1
2650925409 -1
2650967089 -1
2650967743 -1
2651272279 1
2651743790 -1
2651750210 -1
2651793042 -1
2651794466 -1
2651795258 -1
2651796484 -1
2652042376 1
2654470908 1
2655655363 1
2656398804 1
2656737931 1
2658480246 -1
2659399841 1
2661163364 1
2664933698 1
2665017174 -1
2665569884 1
2666151178 1
2667432866 1
2667914801 -1
2668095223 1
2670092171 -1
2670906680 -1
2670948696 -1
2670963984 -1
2671431039 1
2672398334 -1
2674799283 1
2674802539 -1
2674807405 -1
2674808547 -1
2674815161 -1
2674817765 -1
2674824745 -1
2674835593 -1
2674838811 -1
2674841497 -1
2674844769 -1
2674846197 -1
2674847283 -1
2675625810 -1
2675632894 -1
2675635740 -1
2675639272 -1
2675640998 -1
2675646660 -1
2675649184 -1
2675652332 -1
2675657238 -1
2675662310 -1
2675666942 -1
2677081045 -1
2677095285 -1
2677097075 -1
2677098077 -1
2677110553 -1
2677112869 -1
2677123069 -1
2677128199 -1
2677131805 -1
2677132779 -1
2677136937 -1
2677139453 -1
2677895027 1
2677896856 -1
2677912358 -1
2677919808 -1
2677925954 -1
2677936266 -1
2677939532 -1
2678367892 1
2678570443 1
2680566355 -1
2681316384 1
2681394133 1
2682686100 1
2684434458 1
2684757821 1
2685187859 -1
2685795979 -1
2686592920 1
2686807202 -1
2687355789 -1
2687358813 -1
2687798854 -1
2688165020 -1
2688509303 1
2689483607 1
2690060129 1
2690293712 1
2690785172 1
2692328761 1
2693156485 1
2693776138 -1
2695107682 1
2698791225 -1
2698791747 -1
2698793077 -1
2698793207 -1
2698794245 -1
2699033706 1
2699343541 1
2699361772 1
2699606554 -1
2699607806 -1
2699609188 -1
2699610354 -1
2701477319 -1
2701480529 -1
2701483215 -1
2701492875 -1
2701497047 -1
2702283188 -1
2702285892 -1
2702288786 -1
2702292044 -1
2702296696 -1
2702299220 -1
2702309646 -1
2702925145 -1
2702935265 -1
2702941583 -1
2702958247 -1
2702959175 -1
2703749682 -1
2703766842 -1
2703770418 -1
2703782322 -1
2703784106 -1
2704202083 -1
2704203307 -1
2704204533 1
2704276826 -1
2704511351 -1
2704543027 -1
2704573079 -1
2704582697 -1
2705026346 -1
2705027234 -1
2705027826 1
2705028478 -1
2705292986 1
2705312796 -1
2705377734 -1
2705391501 -1
2706544517 1
2707384845 1
2707539721 1
2707593081 1
2708048685 1
2708215752 -1
2708451117 1
2709125261 1
2710039236 -1
2713535774 1
2494519883 -1
2496991237 1
2497122561 -1
2497274450 -1
2497418235 1
2497523810 -1
2497523946 -1
2497773223 -1
2498296641 -1
2498298451 -1
2498857372 -1
2499125018 -1
2499543318 1
2499689213 -1
2499692785 -1
2500364886 1
2500990107 -1
2501812471 1
2502395477 -1
2502416167 -1
2502441289 -1
2502644782 1
2503880221 1
2504330356 -1
2504395696 -1
2505108223 -1
2506134927 1
2506450637 -1
2506585558 1
2507498863 -1
2507536466 1
2508466829 1
2508913809 1
2509032143 1
2509364572 1
2509509726 1
2510721272 1
2510953789 -1
2512364977 -1
2512629421 -1
2513455452 -1
2514044924 -1
2514047744 -1
2514193843 -1
2514195771 -1
2515018068 -1
2515022622 -1
2515809082 1
2516161964 1
2517197656 1
2517740106 1
2519582486 -1
2519713563 -1
2519735221 -1
2519743803 -1
2520554820 -1
2520557620 -1
2520563796 -1
2521546865 -1
2521686913 -1
2522367832 -1
2522840300 1
2524205484 -1
2526740385 1
2526752467 1
2527091683 1
2528060167 -1
2528186431 -1
2528197717 -1
2528895132 -1
2528903208 -1
2529133612 -1
2529255987 1
2529302193 1
2529536559 -1
2531293110 -1
2531784999 1
2535630391 -1
2535854299 1
2535921627 -1
2535985567 -1
2536052637 -1
2536108023 -1
2536122065 -1
2536183647 1
2536218333 -1
2536218725 -1
2536219143 -1
2536707756 -1
2536738330 -1
2536777874 -1
2536802520 -1
2536921972 1
2536940932 1
2536941312 -1
2536980706 -1
2537037188 -1
2537070070 -1
2537452158 1
2537670571 1
2538487858 1
2539847255 -1
2540178161 -1
2540187166 -1
2540204537 -1
2540235948 1
2540485112 1
2540998700 -1
2540999248 -1
2541026234 -1
2542907913 1
2543835620 1
2543981185 -1
2544323503 1
2544808286 -1
2544976262 1
2545927194 1
2546614969 1
2547874481 -1
2548025793 -1
2548513053 1
2548601957 -1
2548603405 -1
2548671050 -1
2549280405 -1
2549433488 -1
2549801936 1
2550113914 -1
2550873915 1
2552359029 -1
2552361383 -1
2552365387 -1
2552594996 1
2552841599 1
2553085129 1
2553186234 -1
2554629457 -1
2555203135 -1
2555321542 1
2555547320 -1
2556452728 1
2556720185 -1
2557225355 1
2557622760 -1
2557660411 -1
2558498304 -1
2559647058 1
2560149095 -1
2562314406 1
2562598318 1
2563396327 1
2563518093 1
2563948864 -1
2564348902 1
2564714816 1
2565144196 1
2566579245 1
2566864492 -1
2567391656 -1
2567930976 1
2568139531 1
2568577584 1
2568934773 1
2569689173 1
2570330077 1
2570532573 1
2571219866 1
2571719920 1
2572035700 -1
2574045846 -1
2574184755 -1
2574279529 -1
2575222529 1
2576215377 1
2576632005 -1
2576646623 -1
2576731372 -1
2576772383 1
2577033058 1
2577152686 1
2577605738 1
2578135685 1
2578736314 -1
2578779173 1
2578840695 -1
2578840983 -1
2578841823 -1
2579513316 1
2579667706 -1
2579668500 -1
2579669068 -1
2579670386 -1
2579671716 -1
2579854725 1
2582170383 -1
2583603423 -1
2583809212 1
2583900807 -1
2584963639 1
2584964885 1
2587669059 -1
2587670629 -1
2587672051 -1
2587673823 -1
2587677451 -1
2587679319 -1
2587691291 1
2587692837 1
2587698291 -1
2587699687 -1
2587700871 -1
2587776643 1
2588057295 -1
2588070807 1
2588386952 1
2588511526 -1
2588518952 -1
2588520520 -1
2588521762 -1
2588533818 -1
2588880244 -1
2589397721 1
2589834251 -1
2590432013 1
2590847452 1
2591824492 1
2592758362 -1
2595611049 1
2597514253 -1
2598162455 1
2599057459 1
2599855712 1
2600497215 1
2602976951 1
2604560554 1
2604826351 -1
2604829449 -1
2604836439 -1
2605566354 1
2606017076 -1
2606547116 1
2607303874 1
2607861411 1
2608622165 1
2608722370 1
2608872417 -1
2608873949 -1
2609703890 -1
2609704260 -1
2609704720 -1
2609705744 -1
2610147268 1
2611858117 -1
2611859283 -1
2611860797 -1
2611862965 -1
2611867005 -1
2611869529 -1
2611870887 -1
2611871885 -1
2611873019 -1
2611874149 -1
2612213676 1
2612408698 -1
2612692508 -1
2612694934 -1
2612695144 -1
2612696938 -1
2612697156 -1
2612699436 -1
2612705792 -1
2612707370 -1
2612707644 -1
2612708638 -1
2612708866 -1
2614030502 1
2617454060 1
2618352933 1
2618696608 1
2619130597 -1
2619132303 -1
2619133829 -1
2619955234 -1
2619956764 -1
2619957736 -1
2619958176 -1
2619963463 -1
2621124169 1
2621483791 1
2621620155 1
2621635617 -1
2621647101 -1
2621735659 -1
2621770707 -1
2622428708 -1
2622437274 -1
2622468040 -1
2622515020 -1
2622538188 -1
2622588096 -1
2623967298 1
2624890640 1
2625051672 1
2625505090 1
2626693663 -1
2626919167 -1
2629284837 1
2629794316 1
2630108786 1
2630598398 -1
2631948881 1
2632785364 1
2632815992 -1
2633739863 -1
2634301065 1
2638277778 1
2639018857 1
2639468252 1
2640631856 1
2642310431 -1
2642689800 1
2643173062 -1
2644068615 1
2645243429 1
2645764020 1
2646166800 -1
2646182646 -1
2647763720 1
2648155143 1
2649903321 1
2649906867 -1
2650553367 1
2650918513 -1
2650920799 -1
2650921677 -1
2650924059 -1
2650926201 -1
2650967677 -1
2650968019 -1
2651272033 1
2651376548 1
2651749640 -1
2651792974 -1
2651793140 -1
2651794876 -1
2651795414 -1
2652038848 1
2655696965 1
2656422303 -1
2656739145 1
2658540308 1
2660383267 -1
2664194745 -1
2664393418 1
2665015720 -1
2665623235 1
2666023026 1
2667784513 1
2668084165 -1
2668878125 1
2670187851 -1
2670931582 -1
2670960228 -1
2670976206 1
2672501300 1
2672681738 1
2673636890 1
2674800917 1
2674803577 -1
2674808069 -1
2674813243 -1
2674817273 1
2674818069 -1
2674832895 -1
2674836843 1
2674840981 -1
2674842783 -1
2674845141 -1
2674847057 -1
2674849451 -1
2675623892 -1
2675630454 -1
2675635370 1
2675638680 1
2675640588 -1
2675644854 -1
2675648220 -1
2675651410 -1
2675653350 -1
2675659142 -1
2675666608 -1
2675667252 -1
2676154198 1
2677082609 -1
2677096213 -1
2677097459 -1
2677101425 -1
2677111297 -1
2677115781 -1
2677126705 -1
2677130429 -1
2677132125 -1
2677135711 -1
2677138547 -1
2677609321 1
2677896210 -1
2677898204 -1
2677915516 -1
2677920452 -1
2677928624 -1
2677936630 -1
2677949680 -1
2678398932 1
2679138894 1
2681318038 1
2681869633 1
2682972366 -1
2684109479 1
2684434228 1
2684706162 1
2684864913 -1
2685189303 1
2685610928 1
2685969001 -1
2686629922 -1
2687215745 1
2687357847 1
2687798684 -1
2688163698 -1
2688166068 -1
2688494908 1
2689302178 1
2690296666 1
2690415439 1
2690878644 1
2691106066 -1
2693100002 1
2693762538 1
2694040733 1
2694191192 -1
2696216047 -1
2696361381 1
2696511294 1
2696940244 -1
2697029326 -1
2698054185 1
2698791109 -1
2698791505 -1
2698791937 -1
2698792389 -1
2698793469 -1
2698793869 -1
2698794009 -1
2698794667 -1
2699207938 1
2699606594 -1
2699607008 -1
2699609294 -1
2699610390 -1
2700116854 -1
2700963643 1
2701475277 -1
2701478871 -1
2701482043 -1
2701484931 -1
2701488185 -1
2701491479 -1
2701494173 -1
2701622523 -1
2702048277 -1
2702286672 -1
2702289140 -1
2702296874 -1
2702304392 -1
2702310790 -1
2702866430 1
2702931459 -1
2702946241 -1
2703750292 -1
2703771158 -1
2703773348 -1
2703781124 -1
2703783474 -1
2703786888 -1
2704203047 -1
2704204023 -1
2704205253 -1
2704281328 -1
2704466847 1
2704508701 -1
2704574327 -1
2705025426 -1
2705027090 -1
2705027644 -1
2705027914 1
2705294842 1
2705353096 1
2705399996 -1
2705403788 -1
2705695777 1
2705730981 1
2707539935 1
2707849329 1
2708425713 1
2708990270 1
2709927268 1
2711891212 1
2712151019 -1
2712275444 1
