102082314 1
102213620 1
146023681 -1
146572791 1
171037034 -1
171995304 1
234322183 1
2688994298 1
2689518643 -1
2689664521 1
2689847611 1
2690355035 -1
2690416230 1
2690603887 1
2691088786 1
2691366891 1
2692299666 -1
2692326944 1
2692340666 1
2692565537 -1
2692821060 1
2692893289 1
2692945652 1
2693070752 1
2693260693 1
2693318871 -1
2693444988 1
2693975392 1
2694062818 1
2694414858 1
2694497404 -1
2694639903 1
2694844513 -1
2695494905 1
2695866637 1
2695869558 -1
2696144449 1
2696183296 -1
2696230630 1
2696363120 1
2696399589 1
2696451273 1
2696551132 1
2696625168 1
2696706870 -1
2696719713 -1
2696808618 -1
2696842939 -1
2696877575 -1
2696955154 -1
2696957290 1
2696958282 1
2696999626 1
2697016609 1
2697023805 -1
2697039279 -1
2697051127 -1
2697057045 1
2697063931 1
2697108623 1
2697659381 1
2697662942 -1
2697690200 1
2697700259 -1
2697729261 -1
2697746939 -1
2697757609 1
2697805197 -1
2697817745 -1
2697848535 -1
2697863949 1
2697905086 1
2697921233 -1
2697934943 -1
2698187392 1
2698370257 -1
2698376789 -1
2698510706 -1
2698559154 -1
2698563946 -1
2698593442 -1
2698601706 -1
2698608022 -1
2698625956 -1
2698673380 -1
2698692440 1
2698714694 -1
2698751634 -1
2698761494 -1
2698782956 1
2699220812 1
2699783388 1
2700064803 -1
2700239543 1
2700415542 -1
2700491755 -1
2700578663 1
2700671507 -1
2700682563 -1
2700873453 1
2700881098 -1
2700883292 -1
2700904484 -1
2701304474 1
2701496676 -1
2701617306 -1
2701639221 1
2701970260 1
2702217250 1
2702220222 1
2702604611 -1
2702803805 -1
2702866755 -1
2702892249 1
2703098329 -1
2703178555 -1
2703246549 -1
2703508564 1
2703546097 -1
2703868210 -1
2704971329 1
2705209994 1
2705584124 -1
2705877481 -1
2706242461 1
2706297424 1
2706357983 -1
2706502079 1
2706570668 -1
2706696906 -1
2706697560 -1
2706711709 1
2706853693 -1
2706870102 1
2706968672 1
2707050627 1
2707191323 1
2707632674 1
2707824016 1
2708055864 1
2708192908 -1
2708228353 -1
2708361682 1
2708507105 -1
2708678112 1
2708733379 -1
2708988903 1
2709775469 1
2709779517 1
2709847287 1
2709893915 -1
2709973734 1
2710400627 1
2710591318 1
2710707398 1
2710944099 -1
2711097511 1
2711695544 1
2711730379 -1
2711732845 -1
2711734157 -1
2711741983 -1
2711743129 -1
2711855482 1
2711907837 1
2711953548 1
2712141752 -1
2712445302 1
2712555582 -1
2712563510 -1
2712918609 1
2713818356 1
2713847220 -1
2713881591 -1
2713883115 -1
2714007243 1
2714095152 -1
2714476133 1
2714594058 -1
2714781203 1
2714846806 -1
2715020117 1
2715031552 1
2715249400 1
2715313828 1
2715553337 -1
2715775675 1
2716498650 -1
2716588758 1
2716639649 1
2716759771 1
2716814343 -1
2717046221 1
2717397946 1
2717461623 1
2717462341 1
2717550104 1
2717916565 1
2718167620 1
2718280890 1
2718692973 -1
2719133092 -1
2719401649 1
2719446223 -1
2719476123 1
2719678556 -1
2719696955 1
2719766497 1
2719973745 1
2720029869 1
2720103223 -1
2720138572 1
2720383181 -1
2720579527 1
2720596557 -1
2720609119 -1
2720612265 -1
2720618689 -1
2720624228 1
2720635089 -1
2720639323 -1
2720646173 -1
2720649963 -1
2720655859 -1
2720688023 -1
2720702656 1
2720707851 -1
2720715095 -1
2720754075 -1
2720764821 -1
2720779615 -1
2720807111 -1
2720813897 1
2720814757 -1
2720821677 -1
2720827479 -1
2720884840 1
2721407816 -1
2721427422 -1
2721429270 -1
2721453254 -1
2721483334 1
2721487212 1
2721502326 1
2721521314 -1
2721527208 -1
2721534116 -1
2721544584 -1
2721554248 -1
2721556416 -1
2721561421 1
2721567084 -1
2721588602 -1
2721600736 -1
2721603198 -1
2721637030 -1
2721646490 -1
2721767232 1
2721799163 1
2721801769 1
2722300796 1
2722388198 1
2722455186 1
2722630936 1
2722678075 -1
2722708403 -1
2722793546 1
2722963665 1
2723001525 1
2723101396 -1
2723555296 1
2723636746 1
2724009003 1
2724099111 1
2724179691 -1
2724404605 -1
2724742444 -1
2724959848 -1
2725227004 -1
2725374760 1
2725677395 -1
2725725194 1
2725761512 1
2725878801 -1
2725958287 1
2726033222 1
2726127548 1
2726517320 -1
2726612314 1
2726626505 -1
2726666113 -1
2726708773 1
2726770935 1
2727019453 -1
2727021381 1
2727037458 1
2727131403 -1
2727141563 -1
2727145403 -1
2727148317 -1
2727326776 -1
2727423168 1
2727465290 -1
2727522592 1
2727546682 1
2727570172 1
2727586557 -1
2727802353 1
2727807043 -1
2727823829 1
2727873240 -1
2727903314 1
2727911245 -1
2727932591 -1
2727949413 -1
2727966278 -1
2727969344 -1
2727975954 -1
2727979307 1
2727985426 -1
2728082102 1
2728420483 1
2728632302 -1
2728640870 -1
2728697396 -1
2728925800 1
2729021276 1
2729178193 -1
2729396168 1
2729454432 1
2729456710 1
2729459364 1
2729660970 1
2729770914 1
2730052222 -1
2730078770 -1
2730082022 -1
2730200504 -1
2730214806 1
2730460908 1
2731141681 1
2731389407 1
2731428001 1
2731430899 1
2731695977 1
2731769829 1
2731886760 1
2732161727 -1
2732180509 -1
2732198108 1
2732583364 1
2732697451 -1
2732810235 -1
2732923151 -1
2732939261 1
2733030384 -1
2733225265 1
2733390819 -1
2733667687 -1
2733791480 1
2733915220 1
2734201184 1
2734333632 -1
2734381903 1
2734718599 1
2734846681 -1
2734847681 1
2734852467 -1
2735173927 -1
2735314203 1
2735470981 -1
2735581861 1
2735676414 -1
2735677262 1
2735686934 -1
2735687748 -1
2735760003 1
2735874086 -1
2736072386 1
2736150913 1
2736365085 1
2736373332 1
2736556948 -1
2736570353 -1
2737126162 1
2737271033 1
2737300914 1
2737534471 1
2737942414 1
2738073884 1
2738095698 1
2738133069 -1
2738299567 1
2738406800 1
2738449100 -1
2738840949 1
2738926675 1
2739050175 -1
2739160324 -1
2739528240 1
2739657696 1
2739793126 1
2740022265 1
2741166009 1
2741301539 1
2741320795 1
2741934445 -1
2741939795 1
2741944637 1
2741949743 1
2742063725 1
2742088450 1
2742332841 -1
2742762718 1
2742804412 -1
2742891442 1
2743025195 -1
2743175231 1
2743601435 1
2743697293 1
2743710502 -1
2743775491 -1
2744292347 1
2744504749 -1
2744810266 -1
2745103890 1
2745151040 1
2745408012 1
2745434954 1
2745491859 1
2745706702 -1
2745812172 1
2745878733 -1
2745880658 -1
2746109017 1
2746536017 1
2746546430 1
2746674674 1
2746713212 -1
2746801590 1
2746848110 1
2746944548 1
2747000582 -1
2747124597 1
2747401922 1
2747671455 -1
2747690148 1
2748130903 -1
2748236189 -1
2748258270 1
274830121 -1
2748395517 -1
2748476637 1
2749070456 -1
2749070884 -1
2749071096 -1
2749072190 1
2749073126 -1
2749158582 -1
2749234810 -1
2749770441 -1
2749786328 1
2749836269 -1
2749845071 -1
2750400252 -1
2750548270 1
2750674666 1
2750677640 1
2750678974 -1
2750682168 1
2750861518 -1
2751233514 -1
2751643568 1
2751823226 1
2752732976 1
2752779799 1
2753059271 1
2753122159 1
2753599995 1
2753911700 1
2754109060 -1
2754214638 1
2754276153 -1
2754422513 1
2754515931 -1
2754613333 -1
2754700448 1
2754851524 1
2755189960 -1
2755399978 -1
2755979362 -1
2756440033 1
2756558733 1
2756765672 1
2757140050 1
2757224978 -1
2757810883 1
2758116450 1
2758302444 1
2758348780 1
2758390047 -1
2759144388 1
2759193119 -1
2759197146 -1
2759586209 -1
2759629120 -1
2760037788 -1
2760681586 -1
311312099 -1
325349236 1
102008464 1
234056026 -1
234610882 1
249781560 1
249912315 1
2689518627 -1
2689662365 1
2689676623 1
2690043853 1
2690110737 1
2690479280 1
2690592556 -1
2690694076 -1
2692130783 -1
2692314748 -1
2692328684 -1
2692338346 -1
2692514250 -1
2692619288 -1
2693126762 1
2693224864 -1
2693273131 1
2693340417 1
2693437439 1
2693677148 1
2693704980 1
2693799534 -1
2695180802 1
2695319346 -1
2695547125 1
2695760689 1
2695866827 1
2695961817 1
2696074070 -1
2696144987 -1
2696414795 1
2696636806 1
2696957018 -1
2696958020 -1
2696961338 -1
2697043051 1
2697055043 1
2697058813 1
2697214786 1
2697231476 1
2697573642 1
2697661130 -1
2697663764 -1
2697692179 1
2697705949 -1
2697732097 -1
2697756509 -1
2697775609 -1
2697852201 -1
2697904984 1
2697913983 -1
2697924366 -1
2697939329 -1
2698343381 1
2698373164 1
2698380989 -1
2698505954 -1
2698517578 1
2698560288 -1
2698565160 -1
2698567346 -1
2698587232 -1
2698596142 -1
2698605610 -1
2698611894 -1
2698620972 -1
2698645856 -1
2698661246 -1
2698669810 -1
2698675380 1
2698698908 -1
2698725710 -1
2698754535 -1
2699088852 -1
2699158737 -1
2699604194 -1
2700003286 -1
2700059553 -1
2700087001 -1
2700183304 1
2700235310 1
2700317629 -1
2700473604 -1
2700491665 -1
2700523326 1
2700539973 1
2700613361 1
2700682405 -1
2700873114 -1
2700875398 -1
2700882552 -1
2700903782 -1
2701099848 1
2701423676 -1
2701616422 1
2701631065 1
2701644437 1
2701660532 1
2702206062 1
2702505919 -1
2702809955 -1
2702892603 1
2703267185 1
2703380695 1
2703416017 1
2703431692 1
2703642778 1
2703663118 -1
2703904513 1
2704053738 -1
2704178599 1
2704191257 1
2704337199 -1
2704667017 1
2704766727 1
2704939302 -1
2705368217 -1
2705877543 -1
2705994117 -1
2706005611 1
2706244091 1
2706359851 1
2706562176 -1
2706696334 1
2706697220 -1
2706793142 -1
2707146292 1
2707172746 -1
2707176658 -1
2707239685 1
2707416898 1
2707634421 1
2707741886 1
2707891018 -1
2708048592 -1
2708068618 -1
2708172029 1
2708185570 1
2708192918 -1
2708214334 1
2708600924 1
2708697336 -1
2709679933 1
2709893773 -1
2710036477 1
2710589852 1
2710604751 1
2710932584 -1
2710936310 1
2710940389 -1
2710969005 1
2711101751 1
2711247677 -1
2711729835 -1
2711730889 -1
2711742409 -1
2711748643 -1
2711970067 -1
2712171262 -1
2712483190 1
2712546460 -1
2712555112 -1
2712564432 -1
2712639803 -1
2712829635 1
2712925329 1
2713098380 1
2713178229 1
2713269913 -1
2713670429 1
2713818806 1
2713853560 1
2713882182 1
2713929535 1
2714066628 -1
2714103070 -1
2714349798 1
2714432402 1
2714696154 -1
2714842422 1
2714983352 -1
2715245056 1
2715260161 1
2715542160 1
2715553371 -1
2715579362 -1
2716639243 -1
2716643782 1
2716791673 -1
2717045743 1
2717046789 1
2717452370 1
2717461747 1
2717463659 1
2717601948 1
2717981801 -1
2718108378 1
2718278194 1
2718713251 1
2719115330 -1
2719336328 1
2719668467 1
2719696927 1
2719708737 1
2719972632 -1
2720013152 -1
2720103217 -1
2720117004 1
2720291934 1
2720500238 1
2720592589 -1
2720599081 -1
2720610749 -1
2720622589 -1
2720631205 -1
2720638111 -1
2720648913 -1
2720653619 -1
2720661083 -1
2720694681 -1
2720704713 -1
2720711641 -1
2720763675 -1
2720808765 -1
2720813967 -1
2720822345 -1
2721120644 1
2721240340 1
2721409286 -1
2721428660 -1
2721445560 -1
2721479628 -1
2721484940 -1
2721491336 1
2721498348 1
2721504816 1
2721522522 -1
2721527920 -1
2721534928 -1
2721551741 -1
2721555450 1
2721557770 -1
2721565710 -1
2721577602 -1
2721593272 -1
2721602786 -1
2721604120 -1
2721643056 -1
2721663577 1
2722268809 1
2722368669 1
2722446038 1
2722494832 1
2722626136 1
2722789027 1
2722985600 1
2723017099 -1
2723801144 1
2724072277 1
2724448460 1
2724744602 -1
2724900111 1
2725373843 1
2725438160 1
2725531977 1
2725678093 -1
2725724746 1
2725802342 -1
2726147271 1
2726222721 1
2726484863 -1
2726493389 -1
2726619643 1
2726630351 1
2726677885 -1
2726731367 -1
2726976171 -1
2727017639 -1
2727030707 -1
2727054523 1
2727129953 -1
2727139395 -1
2727143869 1
2727145973 -1
2727150413 -1
2727249340 -1
2727276531 1
2727287837 1
2727473688 -1
2727543012 1
2727550258 -1
2727577536 -1
2727587727 -1
2727594298 1
2727613288 -1
2727745351 1
2727865169 -1
2727903837 -1
2727912601 -1
2727916780 1
2727934337 -1
2727944242 -1
2727957260 -1
2727966646 -1
2727968772 -1
2727969574 -1
2727977370 -1
2727987600 -1
2728113905 1
2728199412 -1
2728310107 -1
2728564973 -1
2728627089 1
2728633065 1
2728642810 -1
2728712353 1
2728834477 1
2729249514 1
2729456284 1
2729457854 1
2729673298 1
2730054990 1
2730080486 -1
2730083414 -1
2730205801 1
2730340901 1
2730513956 -1
2730574336 -1
2730655841 1
2731012269 1
2731172242 1
2731429893 1
2731641571 1
2731775421 1
2731866972 1
2732184619 -1
2732287713 1
2732434866 1
2732690820 -1
2732698364 1
2732800961 1
2732917515 1
2732938763 -1
2733024298 1
2733501484 1
2733544275 1
2733670141 1
2733877043 1
2733915236 1
2733939375 1
2734298417 1
2734350790 -1
2734383930 1
2734701969 1
2734805669 1
2734844487 1
2734846993 -1
2734851825 -1
2735239345 1
2735589649 1
2735676624 -1
2735679126 1
2735687148 -1
2735922125 1
2736008182 -1
2736074530 -1
2736101720 -1
2736602550 -1
2737283431 1
2737378517 1
2737649013 1
2737722703 -1
2738093916 -1
2738129398 -1
2738286769 1
2738301779 -1
2738561024 1
2738890832 -1
2739020490 1
2739024650 -1
2739138766 1
2739140662 -1
2739313354 1
2739368148 -1
2739930288 -1
2741143132 1
2741208153 1
2741342907 1
2741790504 1
2741932145 1
2741935947 1
2741946435 1
2742054399 1
2742135128 1
2742772094 -1
2743375380 -1
2743446447 1
2743568828 1
2743652033 1
2744026189 1
2744316171 1
2744374949 1
2744706644 -1
274503375 -1
2745081002 1
2745122224 1
2745476421 1
2745653617 1
2745714476 -1
2745809436 -1
2745879359 1
2745966101 1
2746538033 -1
2746588342 1
2746712690 -1
2746989671 1
2747138311 1
2747204168 -1
2748028223 1
2748051642 1
2748205944 -1
2748235843 -1
274827051 1
2748477603 1
2748508368 1
2749070376 -1
2749070498 -1
2749071010 -1
2749072038 1
2749072600 -1
2749145886 -1
2749158600 -1
2749245534 1
2749371906 1
2749838503 -1
2749841481 1
2749847499 -1
2750176014 -1
2750400256 -1
2750656277 1
2750676976 1
2750678406 1
2750681286 -1
2750792457 1
2750886248 -1
2751493663 1
2751653504 1
2751898259 1
2752760040 1
2752913119 1
2753090432 -1
2753316305 1
2753908686 1
2754093229 1
2754197925 1
2754274182 1
2754410681 1
2754447457 1
2754532835 -1
2754654157 -1
2754717982 -1
2755056287 1
2755227560 -1
2755711451 -1
2756129312 1
2756544564 -1
2756685475 1
2756889862 1
2757141684 1
2757638177 1
2757992518 1
2758085968 1
2758281048 1
2758347216 1
2758358153 -1
2758785393 -1
2759139572 1
2759191313 -1
2759195757 -1
2759447633 -1
2759624348 -1
2759632482 -1
2759763468 1
303609223 1
35173168 1
