10174955 -1
1022925 1
102749445 1
1033736424 1
103435728 1
103716475 1
1039024474 1
104232219 -1
1053360023 -1
106091325 1
106535480 -1
1070235407 1
1096146883 -1
110174623 -1
1120004591 -1
1142160430 1
115213477 -1
115369762 1
1157332011 1
1195535037 1
119833610 -1
12002816 -1
120379445 1
1231938130 1
1237742008 -1
123939028 1
1241897557 -1
124794274 -1
125851527 1
128599578 1
1292222365 -1
1308821571 -1
1319155847 1
132787785 1
132882226 1
1343523166 1
1353326914 1
1358328253 1
1366885089 -1
136847682 -1
1374506424 1
138551850 -1
1398975760 -1
1408036478 1
1409210717 -1
1420840230 1
1421476653 1
1422528585 1
143317088 -1
1434997040 -1
1437758758 1
1439813707 -1
1440245512 1
1447193042 -1
145015589 -1
1458167539 -1
1462058363 1
1466183803 1
1467805700 -1
1467807894 -1
1468100055 -1
1469402238 -1
147065455 -1
1471138596 -1
1471612684 -1
1471632128 -1
1473537518 -1
1473674495 -1
1474072183 -1
1474534122 -1
14763924 -1
1484906847 -1
1485753276 -1
1485869386 1
1485928773 -1
1486381307 -1
1486399307 -1
1487475651 -1
1488321350 -1
1491415040 -1
149573655 1
150084313 -1
1503812460 -1
1506237375 -1
1512848069 1
1516660343 -1
1523311056 1
152447234 -1
1527083875 1
153299922 1
153621478 1
1536593707 -1
1546636423 -1
1569601385 -1
157350666 -1
157810199 1
15898722 1
161291749 1
1614788555 -1
1616586051 1
1618249669 -1
162627995 1
163727585 -1
1638645984 -1
164452152 -1
1645631785 -1
16478674 1
165066358 1
165592168 1
167011298 1
170366140 1
1711144847 1
17118763 -1
171232067 -1
171650935 1
1743749047 -1
1751469893 -1
176150970 1
177138070 1
177649633 1
1797439685 1
1805220879 -1
1809334145 -1
1809540319 1
1813871467 1
181807363 -1
186142125 1
186330597 -1
186358320 -1
186421582 -1
1869517499 1
189095286 -1
18969246 1
1906694152 -1
1910679011 -1
192441448 1
1925201571 1
193340837 -1
193995940 1
1950636758 1
1955604539 1
19731358 1
1988806089 1
201482790 -1
2039337998 -1
2042034120 -1
2045960143 1
2049246002 1
2049706790 -1
2054336779 -1
2054444563 -1
2055076648 -1
2060040041 1
2061171115 1
2062222505 -1
2062822992 1
206597902 -1
2069390340 -1
2070149213 1
2070507837 1
2078822446 -1
208124454 1
2081647230 1
208365103 -1
208500409 -1
2089032160 -1
2094079070 -1
2094189809 -1
2097760355 -1
2098843874 -1
209988225 -1
2100712486 -1
210191548 -1
2103811117 -1
2107819169 -1
2108742768 1
2109627332 -1
2111671633 1
2117148847 1
211984409 1
212031204 -1
2120911507 -1
2122471848 1
2131609486 1
2134984097 1
2143884977 1
2148226503 1
21510328 -1
216637007 -1
2170102978 -1
2171217311 -1
217469544 1
2179178872 1
2182320979 1
2182982008 -1
2183599434 1
2185258839 1
2191792457 -1
2194313785 1
2198614081 -1
2201997731 1
2206521223 -1
2210793238 1
2213009418 -1
2216828841 -1
2220741060 1
2221958084 1
2226558929 1
222793376 -1
2239732842 1
2240328095 -1
2241094489 -1
2250494465 1
2257508189 -1
2258854345 -1
2259528804 1
2260403867 1
2261115844 1
2263314451 -1
2268659527 1
2273376948 1
2279532195 -1
2281220920 -1
2283598409 1
2287728604 1
2292053983 -1
2293425215 -1
229516358 1
2304855624 1
2309241677 1
2321841365 1
2322088017 -1
2326970612 1
2329737667 1
2331142407 -1
2335471 -1
2336079561 1
2337413925 -1
233871843 -1
233970202 -1
2342693097 1
2344759777 1
2349178603 1
2349553610 -1
2350095654 1
2351993936 1
2363514952 -1
236634046 1
2382612363 1
2385628567 -1
2405890901 1
2407303340 -1
2417281457 1
2421139752 -1
2424372024 -1
2425657204 1
2437511560 1
2437987045 -1
24421142 1
2445677286 -1
2453900439 1
246207124 1
2464212080 1
2470067607 -1
2470888796 -1
247153417 1
2472597279 -1
247488116 -1
2480115178 1
2482539810 -1
2484199697 -1
24853624 -1
2485826080 -1
2487248219 -1
2491530178 1
2493612022 1
250198294 -1
2505012376 -1
251859955 1
252018406 -1
2521912546 -1
2541187997 -1
2547719388 -1
2550376865 1
255813735 1
256795024 -1
257088090 1
25867600 1
258943856 -1
259211439 1
26048127 1
26389528 1
267953843 -1
268406143 -1
273683930 1
278140516 1
28080212 1
281990868 1
287344823 1
289040553 -1
292592051 1
294058020 -1
296481043 1
299359511 1
299498791 1
302891216 1
308261689 1
308938337 1
309359073 1
310906562 1
31165404 -1
312200040 1
31451514 -1
315900783 -1
320980442 -1
325539388 1
326967184 -1
328663482 1
331094125 1
336816866 -1
342651159 -1
343886230 1
345325094 1
347955344 1
348403741 -1
349670133 -1
3509808 1
352304734 -1
352912476 -1
353392636 -1
353753307 -1
353799722 1
354590729 -1
354599471 -1
355136450 -1
357038260 -1
360627368 -1
362119314 -1
3725426 -1
3727159 -1
3732989 -1
373735238 -1
3752824 1
375950516 -1
377312836 -1
378357131 1
384598540 -1
385775162 1
394779548 1
39717727 -1
397670555 1
398738539 -1
400162496 -1
405592038 -1
406947153 -1
40737110 1
407964905 -1
408474354 1
411606574 -1
412185875 -1
414475737 1
414988973 1
419139501 -1
420151899 -1
422278055 -1
423066381 -1
423883962 -1
424141469 1
425254268 -1
425536921 -1
427470172 -1
429502408 1
429665642 -1
432800378 -1
436073153 -1
436606059 1
43690887 -1
4405605 -1
440612958 -1
441590278 1
443667933 1
445452523 1
445935385 1
447706819 1
452035169 1
452827283 -1
453458804 -1
453821361 -1
454961541 -1
455356497 -1
461891744 -1
462987093 -1
463147751 -1
464934724 -1
46587820 1
473144552 -1
473690787 1
474842443 1
475431505 1
476312813 -1
476872168 -1
477079344 1
477550363 -1
477737891 1
478153729 1
478589744 -1
479867520 1
482871449 1
487076219 -1
489334297 -1
490777370 -1
491029586 1
492674597 -1
493209362 -1
494588922 1
499949590 1
500166105 -1
506489642 -1
508651292 1
509627661 -1
509855432 1
511696420 -1
512664306 -1
517807091 1
518804674 1
520103513 -1
522187931 1
523151493 -1
5251434 1
53184568 -1
531865291 1
532503205 -1
533892209 1
535367051 -1
540970282 1
551365768 1
553882625 1
559955900 -1
561915619 1
567116244 -1
57485007 -1
5773659 1
580011512 1
587206662 1
602006547 1
620932010 -1
621728149 1
62761120 -1
634298046 1
639704545 -1
64055162 1
64305948 -1
65009113 -1
657953353 -1
66798146 -1
67501601 -1
687364452 -1
692957838 -1
696231408 -1
702762683 1
705382287 1
72012668 1
7277831 -1
732527425 1
73473112 -1
768520431 -1
772261857 1
775572934 1
779715251 -1
781428656 1
78283442 -1
78776992 1
80033282 1
825339515 -1
845674576 -1
84874620 -1
859606968 -1
862578361 -1
862639162 1
87364422 1
87705207 1
88553252 1
905929887 1
91028747 -1
918233310 1
918972373 -1
95332956 1
95580373 -1
9642011 1
96797385 1
997595901 1
1010462666 -1
1022640371 -1
1029995500 1
1043523754 -1
1058008722 -1
1061374074 1
107477267 -1
1077740154 -1
109390270 -1
1130415857 1
1138112102 1
1149647466 -1
1158127172 -1
116498809 -1
118384762 -1
1187267616 1
120191358 1
121671321 -1
123834256 -1
123874815 1
1242032674 -1
1243650462 -1
124794270 -1
1251113480 -1
1253011208 1
125831205 1
126238618 1
1266760817 -1
1270007420 1
127178347 -1
1273771994 1
128126922 1
130871031 -1
1342494666 -1
1343613447 -1
135584349 1
1359326039 1
1362270831 -1
1364517392 -1
1367018992 -1
1381323052 1
1383479219 1
1387328343 -1
1395240800 1
1397113300 1
140586593 1
1409799917 -1
1414117396 -1
1425832524 1
142698455 1
142995611 1
1434802153 1
1460963640 1
1466453846 -1
1466951239 -1
1467807478 -1
1469124389 -1
1470768917 -1
1471627216 1
1473668869 -1
1485211236 -1
1485773152 -1
1485912133 -1
1486413459 -1
1487456539 -1
1488316374 -1
1488346078 -1
1490550581 -1
1503809856 -1
1508864841 -1
1518148352 -1
1519356161 -1
1520206284 -1
1520751996 -1
154875395 -1
1550355300 1
1555197662 1
1558034959 1
1570540791 1
1596943320 1
1598353981 -1
1603317455 -1
1614835413 1
1625647908 1
1626697466 1
163658513 1
1638372391 1
1701668830 1
172682371 -1
172732685 1
1730990918 -1
1745995905 1
1746471592 -1
1747184238 -1
176345932 1
1770318872 -1
177830381 -1
178978631 1
179385113 1
1797439693 1
180129749 1
181015419 -1
1813692714 1
1833265 -1
184350642 1
1858035901 1
186292006 -1
1863524668 -1
186404735 -1
18669294 -1
1868193487 1
1869033701 1
188466483 -1
1892401953 -1
1897161704 1
1918755514 -1
1929513741 -1
193928625 1
1950168404 -1
197131665 1
2005936716 1
2018240185 -1
2037408 -1
2037909233 1
2042105950 1
2046126318 -1
2049938168 -1
205363279 1
2063942726 -1
2066510507 1
2067046780 -1
2069390346 -1
2074491002 1
2076598686 -1
2077528949 1
2079475386 -1
208088731 1
2083363291 -1
2091081870 1
2096189531 -1
2097683042 1
2098867400 1
2099511376 1
2102773419 -1
2105405417 1
2105980692 -1
2109105902 1
2109482640 -1
211107772 1
2111929491 1
211208649 -1
2113162119 1
2115018021 1
2118677218 -1
2122722198 -1
2123094298 -1
2129571330 -1
2135375720 1
213667933 1
2146878466 -1
2148835574 -1
2153422313 -1
215480716 1
216417644 1
2164901404 1
217219 -1
2178295986 -1
2179042594 1
2179157820 1
2179164408 1
2179179372 1
2182042314 -1
2183256621 1
218383468 -1
218994650 -1
2209126939 -1
2210942924 -1
2215264074 -1
2217309786 1
2217448915 1
2219161618 1
2226476998 -1
2226569517 1
2234952966 -1
2240433849 -1
2243935178 -1
224711762 1
226064075 -1
226091844 -1
2262900292 1
2263586789 1
2265293597 1
2266427873 1
2267660058 1
227163142 -1
2273440304 1
2280732241 1
2283508403 -1
229004004 1
229068209 1
2296800642 1
2298247173 1
2298511196 1
2305375527 -1
2310942507 -1
2324028965 -1
232787064 -1
2328484227 -1
2330634796 1
2332088044 1
2336646050 -1
233871931 1
233940410 1
2343510609 1
2345554622 -1
2349553168 -1
2354427220 -1
2364689517 -1
2366855528 1
2367266121 1
23696098 1
237597807 1
2380801397 1
239287242 -1
2400096842 -1
24038918 -1
240431974 1
2405478333 -1
2405733274 1
241429772 -1
2416507890 1
2417577294 -1
2418032279 -1
242067516 -1
24276557 1
24342435 1
2435209601 -1
244917872 1
2458084378 -1
2476217382 1
2476821275 -1
249901957 1
2502023584 -1
2504774885 -1
2507859878 1
251146662 -1
251792668 1
2519081305 1
252422159 1
256135221 -1
256410594 -1
258433601 -1
259674227 1
260483260 1
264720317 -1
267207962 -1
267503358 -1
267966174 -1
271726614 1
276042784 1
279405482 -1
280537323 -1
281962674 1
282241331 1
289341998 -1
292756776 1
298570321 -1
298859572 -1
300430048 1
302951316 1
303419877 -1
30918614 -1
31132204 -1
311903330 1
312255797 1
312918380 -1
313811361 1
315030038 1
315781219 -1
318241552 1
318778849 1
32310950 -1
327070193 1
327516031 -1
330268982 -1
331606656 -1
335149139 -1
340878271 -1
345706025 -1
34717152 -1
34784778 -1
34994544 -1
3509810 1
35186204 1
353462914 1
35414862 1
354602920 -1
354803266 -1
356429668 -1
360487949 1
360546018 -1
364060183 -1
364808591 -1
366816127 1
368125354 -1
368765662 -1
370787635 -1
371191133 1
3725418 -1
3727161 -1
373027930 -1
373481433 -1
375384719 -1
377349798 1
377504087 -1
377537105 1
381491261 -1
381632562 1
381714188 -1
383966516 -1
385184579 -1
386631646 -1
38701557 -1
389168948 -1
394589707 -1
400096333 -1
400166995 -1
400476832 -1
405429333 1
407160114 -1
407655826 1
410210195 -1
412179757 1
41290915 -1
41335199 -1
41442496 -1
414886432 -1
415719291 -1
4159543 -1
419765581 -1
422996897 -1
423102990 1
424128511 -1
42545091 -1
427984463 1
428936684 1
429769594 1
431821275 1
4318951 -1
43620833 -1
436387150 -1
4405611 -1
443356614 -1
444568058 -1
446455265 -1
447712680 -1
448025997 1
4488187 -1
450207149 -1
450867762 -1
454064415 -1
455235905 -1
455491253 -1
456792049 -1
463138391 -1
463834850 -1
464138030 1
464955791 -1
465203535 1
465722016 1
467815258 -1
47446392 -1
47720131 -1
478153723 1
478715702 -1
479270892 -1
485740933 1
488778927 -1
498677260 1
499250785 1
499413824 1
500663597 1
503908054 1
505457479 -1
506587548 -1
5075452 -1
508862546 -1
509604519 -1
511749251 1
51312868 1
51516793 1
522705296 -1
52318187 -1
5251255 1
5251633 1
53052946 -1
53184362 -1
53185160 -1
531978654 1
532394344 -1
534688667 1
537632189 -1
540581537 1
542200657 -1
543988795 -1
544146925 -1
55412825 1
556034714 1
560038260 -1
567457998 -1
580187435 1
604817561 1
60826177 1
609938979 1
62811610 -1
65897546 -1
663381337 -1
67501203 -1
68206685 1
68494878 -1
696438986 -1
700363645 -1
70807803 1
742837293 -1
743261087 -1
75296279 -1
753891504 1
756116867 -1
761870874 -1
77547753 -1
783093959 -1
7899098 -1
807238 1
83433467 1
84215664 1
845243486 1
86503254 1
866916512 1
872006747 -1
875362355 -1
8897082 1
898506452 1
9111481 1
93038120 -1
9353607 -1
9364862 -1
95448060 1
96309813 -1
97666561 1
98666235 -1
99544294 -1
