102098689 -1
102115205 1
102209726 1
102323444 -1
102362661 1
102416074 1
102446703 1
102455128 1
102530450 1
102597480 -1
102597523 -1
102597561 -1
102597577 -1
102597601 -1
102597677 -1
102597703 -1
102597713 -1
102597733 -1
102597774 -1
102597837 -1
102597863 -1
102597912 -1
102597967 -1
102597991 -1
102598016 -1
102598079 -1
102598132 -1
102598154 -1
102598178 -1
102598191 -1
102598215 -1
102609233 -1
102609285 -1
102609313 -1
102609371 -1
102609398 -1
102609421 -1
102609489 -1
102609504 -1
102609531 -1
102609574 -1
102609620 -1
102609629 -1
102609650 -1
102609671 -1
102609714 -1
102609744 -1
102609755 -1
102609778 -1
102609819 -1
102609836 -1
102609886 -1
102609920 -1
102609939 -1
102610003 -1
102610026 -1
102610075 -1
102610099 -1
102610148 -1
102610177 -1
102610216 -1
102610239 -1
102610253 -1
102610275 -1
102610300 -1
102610329 -1
102610344 -1
102610361 -1
102610380 -1
102610417 -1
102610440 -1
102610479 -1
102610502 -1
102610525 -1
102610578 -1
102610609 -1
102610627 -1
102610651 -1
102610666 -1
102610679 -1
102610717 -1
102611348 -1
102611389 -1
102611407 -1
102611453 -1
102611508 -1
102611584 -1
102611597 -1
102611620 -1
102611652 -1
102611679 -1
102611696 -1
102611779 -1
102611797 -1
102611863 -1
102611909 -1
102611925 -1
102611968 -1
102612008 -1
102612022 -1
102612046 -1
102612067 -1
102612135 -1
102612207 -1
102612237 -1
102612244 -1
102612315 -1
102612336 -1
102612371 -1
102612386 -1
102612411 -1
102612478 -1
102612510 -1
102612562 -1
102616125 -1
102616148 -1
102616161 -1
102616174 -1
102616190 -1
102616253 -1
102616305 -1
102616347 -1
102616392 -1
102616480 -1
102616543 -1
102616576 -1
102616638 -1
102881490 1
102925702 -1
102942679 -1
102943103 -1
102975395 1
146030128 -1
146030130 -1
146071670 1
146226562 -1
146240979 1
146544530 1
146544750 1
146595711 -1
146695765 1
146806212 1
146931655 -1
146931848 -1
146932197 -1
146932474 -1
146932956 -1
146964601 -1
146964818 -1
146965025 -1
146965160 -1
146965508 1
146965757 1
146965944 -1
171135850 1
171238585 -1
171238636 -1
171373378 -1
171485517 -1
171487154 1
171850978 1
171855746 1
171885985 -1
171991466 1
183198118 1
183311238 -1
183317362 -1
183332986 1
183343510 -1
183495627 1
183846999 -1
183936008 1
183973324 -1
183987347 1
234007536 1
234055257 -1
234353802 -1
234391124 -1
234439325 1
234449900 -1
234450100 -1
234451403 -1
234452589 -1
234453600 -1
234454489 -1
234512277 -1
234514791 -1
234515837 -1
234517843 -1
234521729 -1
234522714 -1
234524502 -1
234524646 -1
234551113 -1
234561204 -1
234632655 -1
249245290 -1
249324133 1
249356982 1
249371061 1
249437073 -1
249452957 1
249453123 1
249453362 1
249525379 -1
249534599 -1
249540400 -1
249552582 -1
249775159 1
249776594 1
249778082 1
249778673 1
249779561 1
249780284 1
249824442 1
249826492 1
249884857 -1
274415083 1
274415520 1
274415839 1
274416115 1
274416297 1
274416480 1
274416629 1
274417234 1
274417745 1
274444076 1
274556863 1
274556920 1
274612721 -1
274629774 1
274634612 1
274648165 1
274775069 -1
274804083 1
274822776 -1
274824724 1
283032138 -1
283080573 -1
283085434 -1
283095997 -1
283098718 -1
283100056 -1
283106255 -1
283109544 -1
283110675 -1
283111823 -1
283116323 -1
283122764 -1
283124357 -1
283128079 -1
283295173 1
283350158 1
283350161 1
283471684 -1
283557777 1
283662141 -1
283672210 -1
283711482 -1
283899964 -1
283900358 -1
283901088 1
283901372 1
283901737 -1
283902001 -1
283902243 -1
283902483 -1
283903030 1
283903453 -1
283904191 -1
291398695 -1
291400807 -1
291637746 -1
291818105 -1
291821279 -1
291825759 -1
291830108 -1
291833299 -1
291835317 -1
303066581 -1
303066637 -1
303066722 -1
303066813 -1
303066897 -1
303067058 -1
303067204 -1
303067611 -1
303067711 -1
303067759 -1
303067818 -1
303068043 -1
303068213 -1
303068405 -1
303068583 -1
303068627 -1
303068773 -1
303068862 -1
303068989 -1
303069165 -1
303069276 -1
303069398 -1
303069422 -1
303069462 -1
303069543 -1
303069687 -1
303069860 -1
303069900 -1
303069933 -1
303070039 -1
303070108 -1
303070208 -1
303070362 -1
303070501 -1
303070564 -1
303070594 -1
303070648 -1
303070698 -1
303070733 -1
303070753 -1
303070810 -1
303070838 -1
303070926 -1
303071013 -1
303071079 -1
303071127 -1
303071205 -1
303071336 -1
303071415 -1
303071593 -1
303071647 -1
303071709 -1
303071748 -1
303071861 -1
303071902 -1
303071920 -1
303072017 -1
303072040 -1
303072102 -1
303072227 -1
303072266 -1
303073409 1
303262033 1
303275593 1
303283258 1
303286683 1
303582582 1
303593608 1
303593645 1
303602245 1
303602272 1
303602320 1
303606786 1
303608649 1
303648878 1
303649230 -1
303650110 1
303651321 1
303651691 1
303653203 1
303653414 1
303653599 -1
303654037 -1
303719279 -1
303719555 -1
303719732 -1
303720180 -1
303720444 -1
303720693 -1
303721133 -1
303721261 -1
303721577 -1
303729605 -1
303729723 -1
303729884 -1
303745413 -1
303794682 1
303955961 1
303959221 -1
303963714 -1
311000240 -1
311113487 -1
311196185 -1
311196277 -1
311196297 -1
311196337 -1
311196502 -1
311196614 -1
311196766 -1
311196868 -1
311196980 -1
311197108 -1
311197186 -1
311197274 -1
311197308 -1
311197486 -1
311197648 -1
311197869 -1
311197992 -1
311198050 -1
311198083 -1
311198188 -1
311198301 -1
311198403 -1
311198475 -1
311198692 -1
311198752 -1
311198807 -1
311198866 -1
311198914 -1
311201494 -1
311201604 -1
311201641 -1
311201847 -1
311281212 -1
311281247 -1
311281330 -1
311281464 -1
311281627 -1
311281761 -1
311282078 -1
311282131 -1
311282257 -1
311282383 -1
311282459 -1
311282547 -1
311282678 -1
311282728 -1
311282815 -1
311282885 -1
311283199 -1
311283327 -1
311283381 -1
311283530 -1
311284055 -1
311284160 -1
311604294 1
311733657 -1
325108676 1
325114932 1
325121853 -1
325125905 1
325134271 1
325369139 -1
325500209 1
325501860 1
325507465 1
325513225 1
325517755 1
325526351 1
325609752 1
325689930 -1
35013441 -1
35184109 1
35214896 -1
35508779 1
355255534 -1
355311101 1
35532845 1
355433079 1
355658899 -1
355659381 -1
355659625 -1
355660130 1
355661091 1
355662183 -1
355662453 -1
355663078 -1
355663453 -1
355663863 -1
355664163 -1
355664563 -1
355665061 -1
355665312 -1
355666193 -1
355666577 -1
355667081 -1
355667590 -1
355667841 -1
355672211 1
35571234 -1
35571399 -1
35571504 -1
355746971 1
355746982 1
355753249 1
355760420 -1
355766796 1
355776256 -1
35594652 1
35612949 1
35672839 -1
35801238 1
35852737 -1
35912244 -1
35951994 1
54145740 -1
54832099 1
54854100 -1
54988998 1
86289389 -1
86363745 -1
86404860 -1
86456412 -1
86465476 1
86487786 1
86507754 1
86863974 -1
86875463 1
86876164 1
86877286 1
86906615 -1
86908251 -1
86911573 -1
86912872 -1
86917169 -1
86925366 -1
102018880 -1
102098691 -1
102115178 1
102323445 -1
102362660 -1
102416073 1
102446701 1
102446705 1
102455127 1
102597515 -1
102597541 -1
102597566 -1
102597582 -1
102597608 -1
102597693 -1
102597706 -1
102597728 -1
102597756 -1
102597789 -1
102597852 -1
102597870 -1
102597960 -1
102597978 -1
102597998 -1
102598057 -1
102598102 -1
102598138 -1
102598160 -1
102598187 -1
102598200 -1
102609267 -1
102609299 -1
102609337 -1
102609380 -1
102609403 -1
102609432 -1
102609495 -1
102609522 -1
102609553 -1
102609609 -1
102609625 -1
102609642 -1
102609659 -1
102609682 -1
102609741 -1
102609749 -1
102609772 -1
102609784 -1
102609824 -1
102609869 -1
102609905 -1
102609926 -1
102609963 -1
102610020 -1
102610059 -1
102610082 -1
102610120 -1
102610166 -1
102610190 -1
102610221 -1
102610245 -1
102610265 -1
102610294 -1
102610323 -1
102610333 -1
102610352 -1
102610369 -1
102610402 -1
102610434 -1
102610462 -1
102610491 -1
102610509 -1
102610534 -1
102610600 -1
102610620 -1
102610644 -1
102610660 -1
102610670 -1
102610707 -1
102611317 -1
102611360 -1
102611396 -1
102611435 -1
102611484 -1
102611534 -1
102611590 -1
102611603 -1
102611643 -1
102611668 -1
102611687 -1
102611741 -1
102611787 -1
102611848 -1
102611878 -1
102611914 -1
102611944 -1
102611997 -1
102612012 -1
102612038 -1
102612054 -1
102612107 -1
102612159 -1
102612225 -1
102612268 -1
102612323 -1
102612349 -1
102612378 -1
102612398 -1
102612473 -1
102612490 -1
102612519 -1
102616118 -1
102616134 -1
102616153 -1
102616168 -1
102616180 -1
102616237 -1
102616299 -1
102616310 -1
102616358 -1
102616425 -1
102616518 -1
102616569 -1
102616596 -1
102616645 -1
102925896 -1
102942879 -1
102975372 1
102975404 1
146027378 1
146030125 -1
146030129 -1
146075707 1
146128369 1
146139001 -1
146240807 1
146544491 1
146678031 1
146806029 1
146806436 -1
146931729 -1
146932111 -1
146932346 -1
146932551 -1
146933141 -1
146964686 -1
146964858 -1
146965082 -1
146965387 -1
146965643 1
146965820 -1
171412849 -1
171481872 1
171490533 1
171529233 -1
171533175 -1
171815690 -1
171851890 1
171979635 -1
171980891 -1
183317828 -1
183332858 1
183382319 -1
183789827 -1
234055247 -1
234208042 1
234261661 1
234290654 -1
234392148 1
234449807 1
234449991 -1
234450233 -1
234450941 1
234451906 -1
234453184 -1
234453726 -1
234513675 -1
234518914 -1
234519859 -1
234522156 -1
234524438 -1
234524577 -1
234524840 -1
234551112 -1
234551119 -1
234561203 -1
234639612 -1
249244695 -1
249453260 1
249534598 -1
249552580 -1
249554588 -1
249680520 -1
249776250 1
249778357 1
249779251 1
249780027 1
249908591 -1
249958681 -1
274142398 1
274179398 -1
274414934 1
274415308 1
274415646 1
274415923 1
274416031 1
274416205 1
274416376 1
274416564 1
274416840 1
274417333 1
274417865 1
274442593 -1
274556901 1
274626761 1
274631942 1
274645845 1
274781654 -1
274953595 -1
283090886 -1
283099630 -1
283103966 -1
283104879 -1
283108864 -1
283112793 -1
283115043 -1
283120008 -1
283126714 -1
283157735 1
283350159 1
283672214 -1
283728698 -1
283772440 1
283900188 -1
283900607 -1
283901201 -1
283901582 -1
283901854 -1
283902082 -1
283902341 -1
283902643 1
283903138 -1
283904051 -1
291101732 1
291400732 -1
291556351 -1
291637519 -1
291733929 -1
291820268 -1
291826744 -1
291831155 -1
291834490 -1
291838441 -1
291839721 -1
291865705 -1
291906260 1
303023479 -1
303058433 1
303066607 -1
303066680 -1
303066757 -1
303066873 -1
303066968 -1
303067147 -1
303067498 -1
303067656 -1
303067735 -1
303067786 -1
303067975 -1
303068154 -1
303068362 -1
303068562 -1
303068599 -1
303068653 -1
303068945 -1
303069123 -1
303069224 -1
303069335 -1
303069414 -1
303069445 -1
303069523 -1
303069645 -1
303069827 -1
303069880 -1
303069903 -1
303069996 -1
303070073 -1
303070149 -1
303070254 -1
303070414 -1
303070547 -1
303070576 -1
303070625 -1
303070681 -1
303070712 -1
303070745 -1
303070787 -1
303070819 -1
303070874 -1
303070954 -1
303071050 -1
303071100 -1
303071141 -1
303071231 -1
303071402 -1
303071582 -1
303071610 -1
303071666 -1
303071725 -1
303071796 -1
303071882 -1
303071970 -1
303072030 -1
303072053 -1
303072157 -1
303072253 -1
303258376 1
303271932 1
303276457 1
303285818 1
303291053 1
303583632 1
303593619 1
303593660 1
303602254 1
303602310 1
303649045 1
303649785 1
303650655 1
303651524 1
303652395 1
303652733 1
303653303 1
303653514 1
303654270 -1
303718997 -1
303719203 -1
303719506 -1
303719628 -1
303719994 -1
303720400 -1
303720606 -1
303720840 -1
303721176 -1
303721444 -1
303729664 -1
303729787 -1
303967976 1
303996589 -1
311000244 -1
311196213 -1
311196286 -1
311196314 -1
311196392 -1
311196543 -1
311196710 -1
311196749 -1
311196776 -1
311196945 -1
311196998 -1
311197157 -1
311197244 -1
311197294 -1
311197404 -1
311197631 -1
311197700 -1
311197966 -1
311198038 -1
311198066 -1
311198137 -1
311198284 -1
311198387 -1
311198437 -1
311198666 -1
311198728 -1
311198774 -1
311198825 -1
311198893 -1
311199002 -1
311201538 -1
311201616 -1
311201695 -1
311281186 -1
311281231 -1
311281267 -1
311281424 -1
311281582 -1
311281730 -1
311281835 -1
311282105 -1
311282360 -1
311282423 -1
311282472 -1
311282658 -1
311282712 -1
311282773 -1
311282826 -1
311283008 -1
311283235 -1
311283367 -1
311283409 -1
311283651 -1
311284136 -1
311302218 1
311379680 1
311760015 -1
325006968 -1
325015646 -1
325074614 -1
325112960 1
325134258 -1
325382874 -1
325495228 1
325496973 1
325505389 1
325509303 1
325515074 1
325530645 1
325913614 -1
35013440 -1
35041599 1
35091039 -1
355254706 -1
355359424 1
355412918 1
355463304 1
355491467 -1
355510550 -1
355658507 -1
355659242 -1
355659485 -1
355659777 -1
355659962 -1
355660893 1
355661797 -1
355662311 -1
355662913 -1
355663193 -1
355663561 1
355664065 -1
355664269 -1
355664774 -1
355665172 -1
355666037 -1
355666409 -1
355666722 -1
355667475 -1
355667734 -1
355667894 -1
355693226 1
35571268 -1
35571479 -1
355746970 1
355746977 1
355776236 -1
35594653 1
35951993 1
54145800 -1
54631062 -1
54669625 1
54832096 -1
54845962 -1
54988997 1
86135682 -1
86363744 -1
86363746 -1
86419922 1
86456405 -1
86456413 -1
86470385 1
86486419 1
86488566 1
86552065 -1
86653305 -1
86804196 1
86875775 1
86876551 1
86906951 -1
86909694 -1
86912249 -1
86913913 -1
86915113 -1
86915530 -1
86925981 -1
